<?xml version="1.0" encoding="UTF-8" standalone="no" ?>
<CartesianTask>

  <Targets/>

  <Entities>
    <CartesianTask>
      <Targets>
        <CartesianTarget id="0">
          <Transform3D>
            <Pos>0 0.03 0.075</Pos>
            <Rotation3D>1 0 0 0 0 -1 0 1 0</Rotation3D>
          </Transform3D>
          <Id></Id>
          <Index>0</Index>
          <PropertyMap>
            <Property>
              <Name>ContactsGrasp</Name>
              <Value>
                <DoubleList>-0.01559957399834193 -5.094582228599293e-07 0.08431169572423826 0.9999996354911121 0.0008538203645875674 2.903110192883602e-06 11.33756894169325 0.009680250775870659 3.291422395467744e-05 -0.01559957399832381 -5.094756208404464e-07 0.08431169758680217 0.9999996354004114 0.0008539074162093388 -6.416316690725287e-06 11.33756929584956 0.009681238033288634 -7.274546162817946e-05 -0.01561055454519892 0.0004873328826471862 0.0843161078078183 0.999999402072549 0.0008473906860704109 0.0006912189014913811 0.0003363373016343158 -0.07920174787744194 -0.3894891711964072 -0.01560329713759928 0.0001382062675448654 0.0643120380571888 0.9991002291888232 -0.04241146112584598 -1.093366895209172e-07 0.05048410755036645 -0.06848047499352115 -0.3891515013787159 -0.01559991766105302 -3.059195100288165e-06 0.07840510991160068 0.9999869876802546 0.005101416864078417 -4.018623582306483e-06 1.988706983712819 -0.07246931319046442 -0.3889907234220519 0.01559952571676788 2.730669119872082e-06 0.0808070489253082 -0.999989671107293 -0.004545050723700294 1.387974496171629e-05 -12.48348588516413 0.03719566919735626 0.5288253149902766 0.01559952284819061 3.301090242466211e-06 0.08076632201527952 -0.9999848990190074 -0.005495608726955987 -4.320395998680029e-06 -12.48339485080767 0.02536598869068793 0.5285989491670356 0.01563990466710094 0.0009727885604066375 0.08431868485959239 -0.9999960453310619 -0.0008788028785487407 0.002671521614685084 -0.01771386487301069 -1.556705700318201e-05 4.732316003528996e-05 0.01560351915193585 0.0001733457886065555 0.06431082807743004 -0.996389346149829 -0.08490153637655645 -1.284181618160015e-07 -0.004202009282496032 0.04931323468151922 0.5286895724471963 0.0155997727521776 -4.634781971564917e-05 0.08430995322090713 -0.9970272273361878 0.07705003478354169 9.495733735268713e-06 -0.01129632598343773 0.08306700085510868 0.5286823737889565</DoubleList>
              </Value>
            </Property>
            <Property>
              <Name>ContactsLift</Name>
              <Value>
                <DoubleList>-0.01559957589540641 -5.105712199357255e-07 0.08431166262492949 0.9999996354118206 0.0008539181187939473 2.690088324632645e-07 11.2415566356917 0.009599372394483175 3.024079128180588e-06 -0.01559957589539706 -5.105799190669846e-07 0.08431166355621143 0.9999996353650488 0.0008539616451846937 -4.390691032415423e-06 11.24155706957428 0.009599862070016516 -4.935822181349888e-05 -0.01561055649092727 0.0004873317944634639 0.08431607196730791 0.9999993945204749 0.0008473621387782141 0.000702094074362579 0.0006833255667884942 -0.02159204551515136 -0.9472076399224839 -0.01560323841679108 0.0001382082457180584 0.06431200450528764 0.9991000557397598 -0.04241554692164153 -3.837972469827454e-07 0.1133729916178938 0.04040016996862768 -0.2025924793024922 -0.01559990161277764 -3.059387633209303e-06 0.07840507587971328 0.9999869868247364 0.00510158575537506 -1.991331198182205e-06 2.402745808512456 -0.002117924700754037 -0.8870760823799211 0.01559962587927629 2.736109884690684e-06 0.08080708149083914 -0.9999895894227895 -0.004563008302130148 -1.129434764501531e-06 -10.90773807316085 0.01036536405785611 0.9852343273031247 0.01559962587918325 2.73612945767953e-06 0.08080707939545471 -0.9999895892716842 -0.004563040943824914 2.365016629138909e-06 -10.90773495947353 0.01036537921246411 0.9852343194962767 0.01563999408613806 0.0009727897727294301 0.08431871366330344 -0.9999960515603835 -0.0008788544965258094 0.002669171859742912 -1.11820381780084 0.01446954830805874 0.9630079096907793 0.01560366922885466 0.0001733538184125339 0.06431085625309134 -0.996389533943974 -0.08489933242910574 -5.270003145473826e-08 -0.945799666751189 -0.08058872316834439 -5.002428316404958e-08 0.01559986226154673 -4.634660730481696e-05 0.08430998178677902 -0.9970281199444263 0.07703848378536168 7.492357290892295e-06 -1.120390292101353 0.0003373023438367672 0.08439915489359245</DoubleList>
              </Value>
            </Property>
            <Property>
              <Name>GripperConfiguration</Name>
              <Value>
                <Q>0.01539976309669402</Q>
              </Value>
            </Property>
            <Property>
              <Name>GripperConfigurationPost</Name>
              <Value>
                <Q>0.0153997954659098</Q>
              </Value>
            </Property>
            <Property>
              <Name>Interference</Name>
              <Value>
                <Double>0</Double>
              </Value>
            </Property>
            <Property>
              <Name>InterferenceAngles</Name>
              <Value>
                <DoubleList></DoubleList>
              </Value>
            </Property>
            <Property>
              <Name>InterferenceDistances</Name>
              <Value>
                <DoubleList></DoubleList>
              </Value>
            </Property>
            <Property>
              <Name>Interferences</Name>
              <Value>
                <DoubleList></DoubleList>
              </Value>
            </Property>
            <Property>
              <Name>LiftResult</Name>
              <Value>
                <Double>0.9999988750940201</Double>
              </Value>
            </Property>
            <Property>
              <Name>LiftStatus</Name>
              <Value>
                <Integer>1</Integer>
              </Value>
            </Property>
            <Property>
              <Name>ObjectTtcpApproach</Name>
              <Value>
                <Transform3D>
                  <Pos>-6.137611253967315e-07 0.03179945169318248 0.07461004265795355</Pos>
                  <Rotation3D>0.9999999998954173 -3.013959067833981e-06 1.414501271463346e-05 1.414499577969881e-05 -5.618780892281866e-06 -0.9999999998841742 3.014038545212049e-06 0.9999999999796726 -5.618738259255944e-06</Rotation3D>
                </Transform3D>
              </Value>
            </Property>
            <Property>
              <Name>ObjectTtcpGrasp</Name>
              <Value>
                <Transform3D>
                  <Pos>-2.599423990951301e-05 0.03004803216058907 0.07459122201080992</Pos>
                  <Rotation3D>0.9999996343971697 4.699646109909019e-05 0.0008538131292513476 0.0008542148517947652 -0.009340437608014099 -0.9999560123036801 -3.901940557035577e-05 0.9999563760567874 -0.009340474338198726</Rotation3D>
                </Transform3D>
              </Value>
            </Property>
            <Property>
              <Name>ObjectTtcpLift</Name>
              <Value>
                <Transform3D>
                  <Pos>-2.594503199088505e-05 0.03004803343577324 0.07459122187230402</Pos>
                  <Rotation3D>0.9999996344309695 4.494441253077984e-05 0.0008538840243823925 0.000854266582439925 -0.009340592117108087 -0.9999560108162299 -3.696665307568687e-05 0.9999563747078677 -0.009340627096986574</Rotation3D>
                </Transform3D>
              </Value>
            </Property>
            <Property>
              <Name>ObjectTtcptTarget</Name>
              <Value>
                <Transform3D>
                  <Pos>-0 0.33 0.075</Pos>
                  <Rotation3D>1 0 0 0 0 -1 0 1 0</Rotation3D>
                </Transform3D>
              </Value>
            </Property>
            <Property>
              <Name>QualityAfterLifting</Name>
              <Value>
                <Q>0.02149609047106964 0.04912085625973209 0.792893713964708</Q>
              </Value>
            </Property>
            <Property>
              <Name>QualityBeforeLifting</Name>
              <Value>
                <Q>0.0214959692242951 0.04914307186246015 0.7929252932204182</Q>
              </Value>
            </Property>
            <Property>
              <Name>TestStatus</Name>
              <Value>
                <Integer>1</Integer>
              </Value>
            </Property>
          </PropertyMap>
        </CartesianTarget>
        <CartesianTarget id="1">
          <Transform3D>
            <Pos>0 0.03 0.075</Pos>
            <Rotation3D>1 0 0 0 -0.1449318593072468 -0.9894416385809445 0 0.9894416385809445 -0.1449318593072468</Rotation3D>
          </Transform3D>
          <Id></Id>
          <Index>1</Index>
          <PropertyMap>
            <Property>
              <Name>GripperConfiguration</Name>
              <Value>
                <Q>0.01542989165878843</Q>
              </Value>
            </Property>
            <Property>
              <Name>GripperConfigurationPost</Name>
              <Value>
                <Q>0.01542804120819831</Q>
              </Value>
            </Property>
            <Property>
              <Name>Interference</Name>
              <Value>
                <Double>0</Double>
              </Value>
            </Property>
            <Property>
              <Name>InterferenceAngles</Name>
              <Value>
                <DoubleList></DoubleList>
              </Value>
            </Property>
            <Property>
              <Name>InterferenceDistances</Name>
              <Value>
                <DoubleList></DoubleList>
              </Value>
            </Property>
            <Property>
              <Name>Interferences</Name>
              <Value>
                <DoubleList></DoubleList>
              </Value>
            </Property>
            <Property>
              <Name>LiftStatus</Name>
              <Value>
                <Integer>4</Integer>
              </Value>
            </Property>
            <Property>
              <Name>ObjectTtcpApproach</Name>
              <Value>
                <Transform3D>
                  <Pos>-6.14278572359837e-07 0.03178044517681771 0.07487091989791683</Pos>
                  <Rotation3D>0.9999999998954173 -9.320736060370752e-07 1.443248324969234e-05 1.414499577969881e-05 -0.1449374187462329 -0.9894408241259799 3.014038545212049e-06 0.9894408242266488 -0.1449374187178908</Rotation3D>
                </Transform3D>
              </Value>
            </Property>
            <Property>
              <Name>ObjectTtcpGrasp</Name>
              <Value>
                <Transform3D>
                  <Pos>-4.816844491843103e-05 0.02999145837928955 0.0746018815270305</Pos>
                  <Rotation3D>0.9999995086426364 -0.0004016927804870636 0.0009062877003651489 0.0008384274176964939 -0.1450691406367348 -0.9894211648607404 0.000528917716647275 0.9894214385578217 -0.1450687325657037</Rotation3D>
                </Transform3D>
              </Value>
            </Property>
            <Property>
              <Name>ObjectTtcpLift</Name>
              <Value>
                <Transform3D>
                  <Pos>-4.801859595412387e-05 0.02999145663401358 0.07460190283841188</Pos>
                  <Rotation3D>0.9999995087704902 -0.0004015257492509467 0.0009062206415503442 0.0008383851274810651 -0.1450694620970491 -0.9894211177639433 0.0005287429966458277 0.9894213914930006 -0.1450690542014319</Rotation3D>
                </Transform3D>
              </Value>
            </Property>
            <Property>
              <Name>ObjectTtcptTarget</Name>
              <Value>
                <Transform3D>
                  <Pos>-0 0.3268324915742833 0.118479557792174</Pos>
                  <Rotation3D>1 0 0 0 -0.1449318593072468 -0.9894416385809445 0 0.9894416385809445 -0.1449318593072468</Rotation3D>
                </Transform3D>
              </Value>
            </Property>
            <Property>
              <Name>QualityAfterLifting</Name>
              <Value>
                <Q>0.005617705551379608 0.02089324681815342 0.7895448684709958</Q>
              </Value>
            </Property>
            <Property>
              <Name>QualityBeforeLifting</Name>
              <Value>
                <Q>0.01165266086811874 0.02975962421221613 0.7963048186824658</Q>
              </Value>
            </Property>
            <Property>
              <Name>TestStatus</Name>
              <Value>
                <Integer>14</Integer>
              </Value>
            </Property>
          </PropertyMap>
        </CartesianTarget>
        <CartesianTarget id="2">
          <Transform3D>
            <Pos>0 0.03 0.075</Pos>
            <Rotation3D>1 0 0 0 -0.2868032327110903 -0.9579895123154889 0 0.9579895123154889 -0.2868032327110903</Rotation3D>
          </Transform3D>
          <Id></Id>
          <Index>2</Index>
          <PropertyMap>
            <Property>
              <Name>GripperConfiguration</Name>
              <Value>
                <Q>0.01545759729176626</Q>
              </Value>
            </Property>
            <Property>
              <Name>GripperConfigurationPost</Name>
              <Value>
                <Q>0.01545259528474899</Q>
              </Value>
            </Property>
            <Property>
              <Name>Interference</Name>
              <Value>
                <Double>0</Double>
              </Value>
            </Property>
            <Property>
              <Name>InterferenceAngles</Name>
              <Value>
                <DoubleList></DoubleList>
              </Value>
            </Property>
            <Property>
              <Name>InterferenceDistances</Name>
              <Value>
                <DoubleList></DoubleList>
              </Value>
            </Property>
            <Property>
              <Name>Interferences</Name>
              <Value>
                <DoubleList></DoubleList>
              </Value>
            </Property>
            <Property>
              <Name>LiftStatus</Name>
              <Value>
                <Integer>4</Integer>
              </Value>
            </Property>
            <Property>
              <Name>ObjectTtcpApproach</Name>
              <Value>
                <Transform3D>
                  <Pos>-6.14247439175377e-07 0.03172382991468714 0.07512628805194041</Pos>
                  <Rotation3D>0.9999999998954173 1.169494195763226e-06 1.441518703610179e-05 1.414499577969881e-05 -0.2868086154110375 -0.9579879007200054 3.014038545212049e-06 0.9579879008237191 -0.2868086153975847</Rotation3D>
                </Transform3D>
              </Value>
            </Property>
            <Property>
              <Name>ObjectTtcpGrasp</Name>
              <Value>
                <Transform3D>
                  <Pos>-3.85580546971268e-05 0.02999295924950068 0.07461229153603276</Pos>
                  <Rotation3D>0.999999512468539 0.0001143837386685045 0.000980805304106983 0.0009723361285870353 -0.2871970727766225 -0.9578710226074243 0.0001721195435752497 0.9578715092875975 -0.2871970439784556</Rotation3D>
                </Transform3D>
              </Value>
            </Property>
            <Property>
              <Name>ObjectTtcpLift</Name>
              <Value>
                <Transform3D>
                  <Pos>-4.156044201285197e-05 0.02999295556972877 0.07461227731690215</Pos>
                  <Rotation3D>0.9999995127159929 0.0001159294329406941 0.0009803714312916093 0.0009723645297897575 -0.2871966414349101 -0.957871151907045 0.0001705139229548527 0.9578716384301575 -0.2871966142142484</Rotation3D>
                </Transform3D>
              </Value>
            </Property>
            <Property>
              <Name>ObjectTtcptTarget</Name>
              <Value>
                <Transform3D>
                  <Pos>-0 0.3173968536946467 0.1610409698133271</Pos>
                  <Rotation3D>1 0 0 0 -0.2868032327110903 -0.9579895123154889 0 0.9579895123154889 -0.2868032327110903</Rotation3D>
                </Transform3D>
              </Value>
            </Property>
            <Property>
              <Name>QualityAfterLifting</Name>
              <Value>
                <Q>0.003759708742760834 0.01411921883712061 0.8103892776309869</Q>
              </Value>
            </Property>
            <Property>
              <Name>QualityBeforeLifting</Name>
              <Value>
                <Q>0.003759960218834187 0.01412046815539774 0.8103893083833782</Q>
              </Value>
            </Property>
            <Property>
              <Name>TestStatus</Name>
              <Value>
                <Integer>14</Integer>
              </Value>
            </Property>
          </PropertyMap>
        </CartesianTarget>
        <CartesianTarget id="3">
          <Transform3D>
            <Pos>0 0.03 0.075</Pos>
            <Rotation3D>1 0 0 0 -0.4226182617406995 -0.9063077870366499 0 0.9063077870366499 -0.4226182617406995</Rotation3D>
          </Transform3D>
          <Id></Id>
          <Index>3</Index>
          <PropertyMap>
            <Property>
              <Name>GripperConfiguration</Name>
              <Value>
                <Q>0.0154601088640631</Q>
              </Value>
            </Property>
            <Property>
              <Name>GripperConfigurationPost</Name>
              <Value>
                <Q>0.01545210064801205</Q>
              </Value>
            </Property>
            <Property>
              <Name>Interference</Name>
              <Value>
                <Double>0</Double>
              </Value>
            </Property>
            <Property>
              <Name>InterferenceAngles</Name>
              <Value>
                <DoubleList></DoubleList>
              </Value>
            </Property>
            <Property>
              <Name>InterferenceDistances</Name>
              <Value>
                <DoubleList></DoubleList>
              </Value>
            </Property>
            <Property>
              <Name>Interferences</Name>
              <Value>
                <DoubleList></DoubleList>
              </Value>
            </Property>
            <Property>
              <Name>LiftStatus</Name>
              <Value>
                <Integer>4</Integer>
              </Value>
            </Property>
            <Property>
              <Name>ObjectTtcpApproach</Name>
              <Value>
                <Transform3D>
                  <Pos>-6.136683832741733e-07 0.03163080143558926 0.07537075458149378</Pos>
                  <Rotation3D>0.9999999998954173 3.246366112770824e-06 1.409348931321035e-05 1.414499577969881e-05 -0.4226233540366255 -0.9063054123322628 3.014038545212049e-06 0.9063054124368312 -0.4226233540383462</Rotation3D>
                </Transform3D>
              </Value>
            </Property>
            <Property>
              <Name>ObjectTtcpGrasp</Name>
              <Value>
                <Transform3D>
                  <Pos>-1.320903528484487e-05 0.02999678525437783 0.07458699845994479</Pos>
                  <Rotation3D>0.9999990112125988 0.001406049261506491 2.448058283229459e-05 0.000616666007141815 -0.4228020844864958 -0.9062218365703348 -0.001263842102619836 0.9062209556059433 -0.4228025334879053</Rotation3D>
                </Transform3D>
              </Value>
            </Property>
            <Property>
              <Name>ObjectTtcpLift</Name>
              <Value>
                <Transform3D>
                  <Pos>-1.479338066463462e-05 0.02999888833381579 0.0745737726503696</Pos>
                  <Rotation3D>0.999998984687364 0.001423081237620535 7.391909200130402e-05 0.0006681139446135094 -0.4224020164427124 -0.9064083462374386 -0.00125866913763819 0.9064074753359673 -0.4224025383530268</Rotation3D>
                </Transform3D>
              </Value>
            </Property>
            <Property>
              <Name>ObjectTtcptTarget</Name>
              <Value>
                <Transform3D>
                  <Pos>-0 0.301892336110995 0.2017854785222099</Pos>
                  <Rotation3D>1 0 0 0 -0.4226182617406995 -0.9063077870366499 0 0.9063077870366499 -0.4226182617406995</Rotation3D>
                </Transform3D>
              </Value>
            </Property>
            <Property>
              <Name>QualityAfterLifting</Name>
              <Value>
                <Q>3.160421230274935e-11 1.11639550520525e-08 0.8645427273715516</Q>
              </Value>
            </Property>
            <Property>
              <Name>QualityBeforeLifting</Name>
              <Value>
                <Q>3.158988153527387e-11 7.079869333344403e-09 0.8645425976083129</Q>
              </Value>
            </Property>
            <Property>
              <Name>TestStatus</Name>
              <Value>
                <Integer>14</Integer>
              </Value>
            </Property>
          </PropertyMap>
        </CartesianTarget>
        <CartesianTarget id="4">
          <Transform3D>
            <Pos>0 0.03 0.075</Pos>
            <Rotation3D>1 0 0 0 -0.5495089780708061 -0.8354878114129364 0 0.8354878114129364 -0.5495089780708061</Rotation3D>
          </Transform3D>
          <Id></Id>
          <Index>4</Index>
          <PropertyMap>
            <Property>
              <Name>GripperConfiguration</Name>
              <Value>
                <Q>0.01545839939203457</Q>
              </Value>
            </Property>
            <Property>
              <Name>GripperConfigurationPost</Name>
              <Value>
                <Q>0.01545039997574244</Q>
              </Value>
            </Property>
            <Property>
              <Name>Interference</Name>
              <Value>
                <Double>0</Double>
              </Value>
            </Property>
            <Property>
              <Name>InterferenceAngles</Name>
              <Value>
                <DoubleList></DoubleList>
              </Value>
            </Property>
            <Property>
              <Name>InterferenceDistances</Name>
              <Value>
                <DoubleList></DoubleList>
              </Value>
            </Property>
            <Property>
              <Name>Interferences</Name>
              <Value>
                <DoubleList></DoubleList>
              </Value>
            </Property>
            <Property>
              <Name>LiftStatus</Name>
              <Value>
                <Integer>4</Integer>
              </Value>
            </Property>
            <Property>
              <Name>ObjectTtcpApproach</Name>
              <Value>
                <Transform3D>
                  <Pos>-6.125536324191977e-07 0.03150332419613311 0.07559915715462923</Pos>
                  <Rotation3D>0.9999999998954173 5.254685416344003e-06 1.347418328266996e-05 1.414499577969881e-05 -0.5495136724301091 -0.8354847237456194 3.014038545212049e-06 0.8354847238488344 -0.5495136724469669</Rotation3D>
                </Transform3D>
              </Value>
            </Property>
            <Property>
              <Name>ObjectTtcpGrasp</Name>
              <Value>
                <Transform3D>
                  <Pos>-1.431612655479565e-05 0.02999672165527077 0.07460010270793532</Pos>
                  <Rotation3D>0.9999996069087876 0.0008649651625308781 0.0001949808655548035 0.0006382976133751206 -0.5496272763274029 -0.8354097495798559 -0.0006154335277543739 0.8354095456434456 -0.5496276123789495</Rotation3D>
                </Transform3D>
              </Value>
            </Property>
            <Property>
              <Name>ObjectTtcpLift</Name>
              <Value>
                <Transform3D>
                  <Pos>-1.459526043355853e-05 0.02999862146761512 0.07459328414608829</Pos>
                  <Rotation3D>0.9999996022484251 0.0008684211665723237 0.0002033412626046767 0.0006470416911123798 -0.5494369895390194 -0.8355349040365396 -0.0006138729849007294 0.83553470327149 -0.5494373329042918</Rotation3D>
                </Transform3D>
              </Value>
            </Property>
            <Property>
              <Name>ObjectTtcptTarget</Name>
              <Value>
                <Transform3D>
                  <Pos>-0 0.280646343423881 0.2398526934212418</Pos>
                  <Rotation3D>1 0 0 0 -0.5495089780708061 -0.8354878114129364 0 0.8354878114129364 -0.5495089780708061</Rotation3D>
                </Transform3D>
              </Value>
            </Property>
            <Property>
              <Name>QualityAfterLifting</Name>
              <Value>
                <Q>2.62653668346019e-11 4.737251989222472e-09 0.8921161597834882</Q>
              </Value>
            </Property>
            <Property>
              <Name>QualityBeforeLifting</Name>
              <Value>
                <Q>2.625796737161512e-11 5.268226261821447e-09 0.8921162037113658</Q>
              </Value>
            </Property>
            <Property>
              <Name>TestStatus</Name>
              <Value>
                <Integer>14</Integer>
              </Value>
            </Property>
          </PropertyMap>
        </CartesianTarget>
        <CartesianTarget id="5">
          <Transform3D>
            <Pos>0 0.03 0.075</Pos>
            <Rotation3D>1 0 0 0 -0.6647958656139379 -0.7470250712409959 0 0.7470250712409959 -0.6647958656139379</Rotation3D>
          </Transform3D>
          <Id></Id>
          <Index>5</Index>
          <PropertyMap>
            <Property>
              <Name>GripperConfiguration</Name>
              <Value>
                <Q>0.01533756799941179</Q>
              </Value>
            </Property>
            <Property>
              <Name>GripperConfigurationPost</Name>
              <Value>
                <Q>0.0153371453666041</Q>
              </Value>
            </Property>
            <Property>
              <Name>Interference</Name>
              <Value>
                <Double>0</Double>
              </Value>
            </Property>
            <Property>
              <Name>InterferenceAngles</Name>
              <Value>
                <DoubleList></DoubleList>
              </Value>
            </Property>
            <Property>
              <Name>InterferenceDistances</Name>
              <Value>
                <DoubleList></DoubleList>
              </Value>
            </Property>
            <Property>
              <Name>Interferences</Name>
              <Value>
                <DoubleList></DoubleList>
              </Value>
            </Property>
            <Property>
              <Name>LiftStatus</Name>
              <Value>
                <Integer>4</Integer>
              </Value>
            </Property>
            <Property>
              <Name>ObjectTtcpApproach</Name>
              <Value>
                <Transform3D>
                  <Pos>-6.109267264952946e-07 0.03134409009785288 0.07580667265751447</Pos>
                  <Rotation3D>0.9999999998954173 7.152042984378787e-06 1.257034665827953e-05 1.414499577969881e-05 -0.6648000629071338 -0.7470213358121647 3.014038545212049e-06 0.7470213359118466 -0.6648000629387728</Rotation3D>
                </Transform3D>
              </Value>
            </Property>
            <Property>
              <Name>ObjectTtcpGrasp</Name>
              <Value>
                <Transform3D>
                  <Pos>-1.256649413962184e-05 0.03001070928716643 0.07460956722084901</Pos>
                  <Rotation3D>0.9999999864905372 -8.104890793317935e-05 -0.0001430034961014489 -0.0001607077259152527 -0.6648055930295201 -0.7470163971759226 -3.452466083173169e-05 0.747016410065899 -0.6648055970735394</Rotation3D>
                </Transform3D>
              </Value>
            </Property>
            <Property>
              <Name>ObjectTtcpLift</Name>
              <Value>
                <Transform3D>
                  <Pos>6.215956571219698e-05 0.03061241789537287 0.07315728392996884</Pos>
                  <Rotation3D>0.9999967049010029 -0.001560895618230421 -0.002038085377407093 -0.002566461182780224 -0.6260702621363383 -0.7797624254511978 -5.885689334199625e-05 0.7797650867238199 -0.6260722051508599</Rotation3D>
                </Transform3D>
              </Value>
            </Property>
            <Property>
              <Name>ObjectTtcptTarget</Name>
              <Value>
                <Transform3D>
                  <Pos>-0 0.2541075213722988 0.2744387596841814</Pos>
                  <Rotation3D>1 0 0 0 -0.6647958656139379 -0.7470250712409959 0 0.7470250712409959 -0.6647958656139379</Rotation3D>
                </Transform3D>
              </Value>
            </Property>
            <Property>
              <Name>QualityAfterLifting</Name>
              <Value>
                <Q>0.001390401477885887 0.005554202448909654 0.9197121400800431</Q>
              </Value>
            </Property>
            <Property>
              <Name>QualityBeforeLifting</Name>
              <Value>
                <Q>0.001404215085301845 0.005500334993578901 0.9198738126387107</Q>
              </Value>
            </Property>
            <Property>
              <Name>TestStatus</Name>
              <Value>
                <Integer>14</Integer>
              </Value>
            </Property>
          </PropertyMap>
        </CartesianTarget>
        <CartesianTarget id="6">
          <Transform3D>
            <Pos>0 0.03 0.075</Pos>
            <Rotation3D>1 0 0 0 -0.7660444431189781 -0.6427876096865393 0 0.6427876096865393 -0.7660444431189781</Rotation3D>
          </Transform3D>
          <Id></Id>
          <Index>6</Index>
          <PropertyMap>
            <Property>
              <Name>GripperConfiguration</Name>
              <Value>
                <Q>1.950301766596825e-08</Q>
              </Value>
            </Property>
            <Property>
              <Name>Interference</Name>
              <Value>
                <Double>0</Double>
              </Value>
            </Property>
            <Property>
              <Name>InterferenceAngles</Name>
              <Value>
                <DoubleList></DoubleList>
              </Value>
            </Property>
            <Property>
              <Name>InterferenceDistances</Name>
              <Value>
                <DoubleList></DoubleList>
              </Value>
            </Property>
            <Property>
              <Name>Interferences</Name>
              <Value>
                <DoubleList></DoubleList>
              </Value>
            </Property>
            <Property>
              <Name>LiftStatus</Name>
              <Value>
                <Integer>4</Integer>
              </Value>
            </Property>
            <Property>
              <Name>ObjectTtcpApproach</Name>
              <Value>
                <Transform3D>
                  <Pos>-6.088220204239431e-07 0.03115646164306834 0.0759889190427905</Pos>
                  <Rotation3D>0.9999999998954173 8.898372842986181e-06 1.140106550752723e-05 1.414499577969881e-05 -0.7660480547129894 -0.6427833053762083 3.014038545212049e-06 0.6427833054702523 -0.7660480547587415</Rotation3D>
                </Transform3D>
              </Value>
            </Property>
            <Property>
              <Name>ObjectTtcptTarget</Name>
              <Value>
                <Transform3D>
                  <Pos>-0 0.2228362829059618 0.3048133329356935</Pos>
                  <Rotation3D>1 0 0 0 -0.7660444431189781 -0.6427876096865393 0 0.6427876096865393 -0.7660444431189781</Rotation3D>
                </Transform3D>
              </Value>
            </Property>
            <Property>
              <Name>TestStatus</Name>
              <Value>
                <Integer>3</Integer>
              </Value>
            </Property>
          </PropertyMap>
        </CartesianTarget>
        <CartesianTarget id="7">
          <Transform3D>
            <Pos>0 0.03 0.075</Pos>
            <Rotation3D>1 0 0 0 -0.8511166724369997 -0.5249765803345602 0 0.5249765803345602 -0.8511166724369997</Rotation3D>
          </Transform3D>
          <Id></Id>
          <Index>7</Index>
          <PropertyMap>
            <Property>
              <Name>ContactsGrasp</Name>
              <Value>
                <DoubleList>0.0005419843878304153 0.01571877540547119 0.05429947538581195 -0.08015511241118348 -0.9967822964882728 -0.0004597411399181959 -0.00830996133789913 -0.114374616841471 0.0008320866873746604 0.001170947892663116 0.01567043312483381 0.05429964863430143 -0.08015511855491497 -0.9967821573994133 -0.0006983262984711369 -0.009183598775834049 -0.1142041527166472 -8.000922031421552e-05</DoubleList>
              </Value>
            </Property>
            <Property>
              <Name>GripperConfiguration</Name>
              <Value>
                <Q>2.459187947880918e-08</Q>
              </Value>
            </Property>
            <Property>
              <Name>GripperConfigurationPost</Name>
              <Value>
                <Q>1.73402280201599e-09</Q>
              </Value>
            </Property>
            <Property>
              <Name>Interference</Name>
              <Value>
                <Double>0</Double>
              </Value>
            </Property>
            <Property>
              <Name>InterferenceAngles</Name>
              <Value>
                <DoubleList></DoubleList>
              </Value>
            </Property>
            <Property>
              <Name>InterferenceDistances</Name>
              <Value>
                <DoubleList></DoubleList>
              </Value>
            </Property>
            <Property>
              <Name>Interferences</Name>
              <Value>
                <DoubleList></DoubleList>
              </Value>
            </Property>
            <Property>
              <Name>LiftResult</Name>
              <Value>
                <Double>0</Double>
              </Value>
            </Property>
            <Property>
              <Name>LiftStatus</Name>
              <Value>
                <Integer>4</Integer>
              </Value>
            </Property>
            <Property>
              <Name>ObjectTtcpApproach</Name>
              <Value>
                <Transform3D>
                  <Pos>-6.062839586999017e-07 0.03094440092985531 0.076142047864051</Pos>
                  <Rotation3D>0.9999999998954173 1.045679822855806e-05 9.991031216393331e-06 1.414499577969881e-05 -0.8511196220667965 -0.5249717980356584 3.014038545212049e-06 0.5249717981220784 -0.8511196221256954</Rotation3D>
                </Transform3D>
              </Value>
            </Property>
            <Property>
              <Name>ObjectTtcptTarget</Name>
              <Value>
                <Transform3D>
                  <Pos>-0 0.187492974100368 0.3303350017310999</Pos>
                  <Rotation3D>1 0 0 0 -0.8511166724369997 -0.5249765803345602 0 0.5249765803345602 -0.8511166724369997</Rotation3D>
                </Transform3D>
              </Value>
            </Property>
            <Property>
              <Name>QualityBeforeLifting</Name>
              <Value>
                <Q>-8.031974738087477e-11 2.118813408722652e-09 0.8770934957622681</Q>
              </Value>
            </Property>
            <Property>
              <Name>TestStatus</Name>
              <Value>
                <Integer>4</Integer>
              </Value>
            </Property>
          </PropertyMap>
        </CartesianTarget>
        <CartesianTarget id="8">
          <Transform3D>
            <Pos>0 0.03 0.075</Pos>
            <Rotation3D>1 0 0 0 -0.9182161068802741 -0.3960797660391567 0 0.3960797660391567 -0.9182161068802741</Rotation3D>
          </Transform3D>
          <Id></Id>
          <Index>8</Index>
          <PropertyMap>
            <Property>
              <Name>ContactsGrasp</Name>
              <Value>
                <DoubleList>-0.004195031435804993 0.01514366086335339 0.05102208745708598 0.2196600953139121 -0.9755764115701528 0.0003281990046831323 0 0 0 -0.004195031190948801 0.01514366136590961 0.05102208727276406 0.2196596301162247 -0.9755765160595726 0.0003289532946819338 0 0 0</DoubleList>
              </Value>
            </Property>
            <Property>
              <Name>GripperConfiguration</Name>
              <Value>
                <Q>2.405153753401275e-08</Q>
              </Value>
            </Property>
            <Property>
              <Name>GripperConfigurationPost</Name>
              <Value>
                <Q>1.694249174915814e-09</Q>
              </Value>
            </Property>
            <Property>
              <Name>Interference</Name>
              <Value>
                <Double>0</Double>
              </Value>
            </Property>
            <Property>
              <Name>InterferenceAngles</Name>
              <Value>
                <DoubleList></DoubleList>
              </Value>
            </Property>
            <Property>
              <Name>InterferenceDistances</Name>
              <Value>
                <DoubleList></DoubleList>
              </Value>
            </Property>
            <Property>
              <Name>Interferences</Name>
              <Value>
                <DoubleList></DoubleList>
              </Value>
            </Property>
            <Property>
              <Name>LiftResult</Name>
              <Value>
                <Double>0</Double>
              </Value>
            </Property>
            <Property>
              <Name>LiftStatus</Name>
              <Value>
                <Integer>4</Integer>
              </Value>
            </Property>
            <Property>
              <Name>ObjectTtcpApproach</Name>
              <Value>
                <Transform3D>
                  <Pos>-6.033661368691456e-07 0.03071238598551977 0.07626282554241898</Pos>
                  <Rotation3D>0.9999999998954173 1.179441030416345e-05 8.370019088195945e-06 1.414499577969881e-05 -0.9182183322593428 -0.3960746067381645 3.014038545212049e-06 0.3960746068151358 -0.9182183323301449</Rotation3D>
                </Transform3D>
              </Value>
            </Property>
            <Property>
              <Name>ObjectTtcptTarget</Name>
              <Value>
                <Transform3D>
                  <Pos>-0 0.148823929811747 0.3504648320640822</Pos>
                  <Rotation3D>1 0 0 0 -0.9182161068802741 -0.3960797660391567 0 0.3960797660391567 -0.9182161068802741</Rotation3D>
                </Transform3D>
              </Value>
            </Property>
            <Property>
              <Name>QualityBeforeLifting</Name>
              <Value>
                <Q>-8.254325174761323e-11 6.285688780099244e-10 0.8776676441761733</Q>
              </Value>
            </Property>
            <Property>
              <Name>TestStatus</Name>
              <Value>
                <Integer>4</Integer>
              </Value>
            </Property>
          </PropertyMap>
        </CartesianTarget>
        <CartesianTarget id="9">
          <Transform3D>
            <Pos>0 0.03 0.075</Pos>
            <Rotation3D>1 0 0 0 -0.9659258262890683 -0.2588190451025205 0 0.2588190451025205 -0.9659258262890683</Rotation3D>
          </Transform3D>
          <Id></Id>
          <Index>9</Index>
          <PropertyMap>
            <Property>
              <Name>ContactsGrasp</Name>
              <Value>
                <DoubleList>0.0005445352424721879 0.01569290835459267 0.04775530112793976 -0.01291223555970507 -0.9999166305607857 7.810771949870454e-05 -0.001548324678040445 -0.1199014367358457 9.366008626941844e-06 0.0005667572312977661 0.01569262260530642 0.04775537265738957 -0.04442142437302342 -0.9990128650562573 -0.0001803018578752473 -0.01015499472630161 -0.1199127174123586 0.04264615112270993 0.0005667572058697019 0.01569262260643709 0.04775537265736656 -0.04442131618137099 -0.9990128698670453 -0.0001803017599730661 -0.01015504481021325 -0.1199127051707975 0.04259030532028351</DoubleList>
              </Value>
