<?xml version="1.0" encoding="UTF-8" standalone="no" ?>
<CartesianTask>

  <Targets/>

  <Entities>
    <CartesianTask>
      <Targets>
        <CartesianTarget id="0">
          <Transform3D>
            <Pos>0 0.03 0.075</Pos>
            <Rotation3D>1 0 0 0 0 -1 0 1 0</Rotation3D>
          </Transform3D>
          <Id></Id>
          <Index>0</Index>
          <PropertyMap>
            <Property>
              <Name>ContactsGrasp</Name>
              <Value>
                <DoubleList>0.01559938466219745 3.254241494432314e-06 0.07950666026574993 -0.9999853110391604 -0.005420103323289724 -1.363373159544559e-05 -8.368004709232068 0.02305043621114285 0.2666150690480271 0.01559938043677562 4.146424085087425e-06 0.07930665864815706 -0.9999761135733171 -0.006911749595265165 5.801578549181962e-07 -8.331990719445434 -0.1013742585334213 0.2678630526258036 0.0156376724207872 0.0009740562815078143 0.08430893233542502 -0.999994109214044 -0.002202325299484923 0.002632736311444028 0.0008249782101849315 0.2167863156214262 0.4946972213771423 0.01559939315265368 1.473625295254043e-06 0.07990665559579588 -0.9999969851251891 -0.002455552044452448 2.16548703643729e-06 -8.328190647201392 0.1779697221090092 0.1996199679552323 0.01559962490309809 6.438874916082758e-05 0.06430672518745523 -0.9963898975663221 -0.08489506480063555 5.192457978138649e-07 0.02739898035112983 -0.3215725090387365 0.2854766240790293 -0.01559961044826443 -1.312669312285639e-06 0.08430711243519765 0.9999975919866151 0.002194530287702251 -7.601806642927851e-06 10.34525737433453 0.02270303531126509 -7.864283560401533e-05 -0.01559961044827594 -1.312655478460982e-06 0.08430710777860534 0.9999975920442128 0.002194461073747016 1.569624584495431e-05 10.3452569636998 0.02270231837092837 0.0001623820876403453 -0.01561157487783659 0.0004866065098661329 0.08430841402257455 0.9999973550938989 0.002192442523675386 0.0006949827243216536 0.0004767755662737767 -0.1635138478460622 -0.170190693783255 -0.01559983829506281 -1.310937528944262e-06 0.06432554499604753 0.9999975920747733 0.002194502612792975 1.713874565963102e-06 4.302339164148429 0.2760632113225638 -0.1806375483864922 -0.01560067992139318 -8.821475515280935e-05 0.08430687663536959 0.9991003759758685 0.04240800306758746 8.350892167352107e-07 0.006610246599113553 -0.155728800095606 -0.1825317562863397</DoubleList>
              </Value>
            </Property>
            <Property>
              <Name>ContactsLift</Name>
              <Value>
                <DoubleList>0.01559960780339999 1.876091093692208e-06 0.07981686714130734 -0.9999951122648058 -0.00312654050122692 1.38200187538102e-05 -8.363447221792152 0.1549472996699821 0.2711295625427553 0.01559961202312731 9.643134906661514e-07 0.08002095349951172 -0.9999987229798825 -0.001598107161440381 -9.597148677760661e-06 -8.309054115578583 0.06784829092983849 0.0815306882839619 0.01563788655446493 0.0009740502056441627 0.08430894217643442 -0.9999941120100313 -0.002202380217008728 0.002631628136466662 0.0007115149675309848 0.09353197256876367 0.34864490596803 0.01559959935437542 3.695871877433814e-06 0.07940871094473401 -0.9999809989494332 -0.006164546453889833 -1.034946980945318e-05 -8.362122779982556 0.07703439009597954 0.270475869728431 0.01559984881280241 6.439851740530872e-05 0.06430673501737882 -0.9963893437250432 -0.08490156483347104 7.6207024512988e-08 0.03388714936085986 -0.3976931833803544 0.2745125289745262 -0.01559961438462029 -1.313550870863647e-06 0.08430710961515589 0.9999975918637948 0.002194587381175442 -7.268967134876833e-06 10.24539611956528 0.02248447118481092 -7.447362701955221e-05 -0.01559961438463025 -1.313537036826649e-06 0.08430710495856358 0.9999975919136457 0.002194518166681077 1.602890894066572e-05 10.24539592269949 0.02248376162004382 0.0001642229137689757 -0.01561157882663972 0.0004866056331316682 0.08430840935885106 0.9999973486146345 0.002192473330825408 0.0007041479922390891 0.002810943742887415 -0.1758224363691285 -0.0803025022062568 -0.01559983237024857 -1.295977608413391e-06 0.06432554408281341 0.9999976730290697 0.002157269070370085 1.125185388333882e-05 4.496774724369556 0.3087418393460568 -0.09147301489572991 -0.01560068382474633 -8.82156381295905e-05 0.08430687427654784 0.9991003858386368 0.04240777070041303 -1.143860437156731e-06 0.009655090859010371 -0.176471331414965 -0.09361613575361691</DoubleList>
              </Value>
            </Property>
            <Property>
              <Name>GripperConfiguration</Name>
              <Value>
                <Q>0.01539963370884762</Q>
              </Value>
            </Property>
            <Property>
              <Name>GripperConfigurationPost</Name>
              <Value>
                <Q>0.01539971708816867</Q>
              </Value>
            </Property>
            <Property>
              <Name>Interference</Name>
              <Value>
                <Double>0</Double>
              </Value>
            </Property>
            <Property>
              <Name>InterferenceAngles</Name>
              <Value>
                <DoubleList></DoubleList>
              </Value>
            </Property>
            <Property>
              <Name>InterferenceDistances</Name>
              <Value>
                <DoubleList></DoubleList>
              </Value>
            </Property>
            <Property>
              <Name>Interferences</Name>
              <Value>
                <DoubleList></DoubleList>
              </Value>
            </Property>
            <Property>
              <Name>LiftResult</Name>
              <Value>
                <Double>0.9999918994157966</Double>
              </Value>
            </Property>
            <Property>
              <Name>LiftStatus</Name>
              <Value>
                <Integer>1</Integer>
              </Value>
            </Property>
            <Property>
              <Name>ObjectTtcpApproach</Name>
              <Value>
                <Transform3D>
                  <Pos>-6.137611253967315e-07 0.03179945169318248 0.07461004265795355</Pos>
                  <Rotation3D>0.9999999998954173 -3.013959067833981e-06 1.414501271463346e-05 1.414499577969881e-05 -5.618780892281866e-06 -0.9999999998841742 3.014038545212049e-06 0.9999999999796726 -5.618738259255944e-06</Rotation3D>
                </Transform3D>
              </Value>
            </Property>
            <Property>
              <Name>ObjectTtcpGrasp</Name>
              <Value>
                <Transform3D>
                  <Pos>-6.594725597847659e-05 0.02998361918566965 0.07439593546988968</Pos>
                  <Rotation3D>0.9999975919733204 1.411282931640599e-05 0.002194504132763075 0.002194536375096781 -0.002970774944978928 -0.9999931792299009 -7.593355161776513e-06 0.9999955871387906 -0.002970798762390892</Rotation3D>
                </Transform3D>
              </Value>
            </Property>
            <Property>
              <Name>ObjectTtcpLift</Name>
              <Value>
                <Transform3D>
                  <Pos>-6.586446750880723e-05 0.02998361982768773 0.07439593692348608</Pos>
                  <Rotation3D>0.999997591854529 1.377159945443088e-05 0.002194560431148008 0.002194591659857959 -0.002970823180350104 -0.9999931789652755 -7.251854518339163e-06 0.9999955870002498 -0.002970846249213023</Rotation3D>
                </Transform3D>
              </Value>
            </Property>
            <Property>
              <Name>ObjectTtcptTarget</Name>
              <Value>
                <Transform3D>
                  <Pos>-0 0.33 0.075</Pos>
                  <Rotation3D>1 0 0 0 0 -1 0 1 0</Rotation3D>
                </Transform3D>
              </Value>
            </Property>
            <Property>
              <Name>QualityAfterLifting</Name>
              <Value>
                <Q>0.02234669353672827 0.04702870315592123 0.7935102578172065</Q>
              </Value>
            </Property>
            <Property>
              <Name>QualityBeforeLifting</Name>
              <Value>
                <Q>0.02236206931185507 0.04704060227019714 0.7939187974040712</Q>
              </Value>
            </Property>
            <Property>
              <Name>TestStatus</Name>
              <Value>
                <Integer>1</Integer>
              </Value>
            </Property>
          </PropertyMap>
        </CartesianTarget>
        <CartesianTarget id="1">
          <Transform3D>
            <Pos>0 0.03 0.075</Pos>
            <Rotation3D>1 0 0 0 -0.1736481776669303 -0.984807753012208 0 0.984807753012208 -0.1736481776669303</Rotation3D>
          </Transform3D>
          <Id></Id>
          <Index>1</Index>
          <PropertyMap>
            <Property>
              <Name>GripperConfiguration</Name>
              <Value>
                <Q>0.01543622511331633</Q>
              </Value>
            </Property>
            <Property>
              <Name>GripperConfigurationPost</Name>
              <Value>
                <Q>0.01543135362476504</Q>
              </Value>
            </Property>
            <Property>
              <Name>Interference</Name>
              <Value>
                <Double>0</Double>
              </Value>
            </Property>
            <Property>
              <Name>InterferenceAngles</Name>
              <Value>
                <DoubleList></DoubleList>
              </Value>
            </Property>
            <Property>
              <Name>InterferenceDistances</Name>
              <Value>
                <DoubleList></DoubleList>
              </Value>
            </Property>
            <Property>
              <Name>Interferences</Name>
              <Value>
                <DoubleList></DoubleList>
              </Value>
            </Property>
            <Property>
              <Name>LiftStatus</Name>
              <Value>
                <Integer>4</Integer>
              </Value>
            </Property>
            <Property>
              <Name>ObjectTtcpApproach</Name>
              <Value>
                <Transform3D>
                  <Pos>-6.143163785479291e-07 0.03177210389236391 0.07492260922409744</Pos>
                  <Rotation3D>0.9999999998954173 -5.119145762926953e-07 1.445348668751939e-05 1.414499577969881e-05 -0.1736537110658024 -0.9848067772070794 3.014038545212049e-06 0.9848067773085302 -0.1736537110404001</Rotation3D>
                </Transform3D>
              </Value>
            </Property>
            <Property>
              <Name>ObjectTtcpGrasp</Name>
              <Value>
                <Transform3D>
                  <Pos>-4.974930875500136e-05 0.02999097348883306 0.07460766455196575</Pos>
                  <Rotation3D>0.9999995813150202 -0.0001988288885120109 0.0008932171389102595 0.0008450913072711985 -0.1737312721102058 -0.9847927350014581 0.000350984994728561 0.9847930775335714 -0.1737310313429664</Rotation3D>
                </Transform3D>
              </Value>
            </Property>
            <Property>
              <Name>ObjectTtcpLift</Name>
              <Value>
                <Transform3D>
                  <Pos>-5.262540236214394e-05 0.02999098442764058 0.07460776721277702</Pos>
                  <Rotation3D>0.9999995818187578 -0.000197360884664368 0.0008929787179080411 0.0008451106382202295 -0.1737338405341932 -0.984792281875345 0.0003495000981390235 0.9847926247194994 -0.1737336010901767</Rotation3D>
                </Transform3D>
              </Value>
            </Property>
            <Property>
              <Name>ObjectTtcptTarget</Name>
              <Value>
                <Transform3D>
                  <Pos>-0 0.3254423259036625 0.1270944533000791</Pos>
                  <Rotation3D>1 0 0 0 -0.1736481776669303 -0.984807753012208 0 0.984807753012208 -0.1736481776669303</Rotation3D>
                </Transform3D>
              </Value>
            </Property>
            <Property>
              <Name>QualityAfterLifting</Name>
              <Value>
                <Q>0.01112049301905389 0.028546159484428 0.8040355113270978</Q>
              </Value>
            </Property>
            <Property>
              <Name>QualityBeforeLifting</Name>
              <Value>
                <Q>0.004398961840256597 0.01641684856352628 0.7881997543434821</Q>
              </Value>
            </Property>
            <Property>
              <Name>TestStatus</Name>
              <Value>
                <Integer>14</Integer>
              </Value>
            </Property>
          </PropertyMap>
        </CartesianTarget>
        <CartesianTarget id="2">
          <Transform3D>
            <Pos>0 0.03 0.075</Pos>
            <Rotation3D>1 0 0 0 -0.3420201433256687 -0.9396926207859084 0 0.9396926207859084 -0.3420201433256687</Rotation3D>
          </Transform3D>
          <Id></Id>
          <Index>2</Index>
          <PropertyMap>
            <Property>
              <Name>GripperConfiguration</Name>
              <Value>
                <Q>0.01546091148591333</Q>
              </Value>
            </Property>
            <Property>
              <Name>GripperConfigurationPost</Name>
              <Value>
                <Q>0.015455899999305</Q>
              </Value>
            </Property>
            <Property>
              <Name>Interference</Name>
              <Value>
                <Double>0</Double>
              </Value>
            </Property>
            <Property>
              <Name>InterferenceAngles</Name>
              <Value>
                <DoubleList></DoubleList>
              </Value>
            </Property>
            <Property>
              <Name>InterferenceDistances</Name>
              <Value>
                <DoubleList></DoubleList>
              </Value>
            </Property>
            <Property>
              <Name>Interferences</Name>
              <Value>
                <DoubleList></DoubleList>
              </Value>
            </Property>
            <Property>
              <Name>LiftStatus</Name>
              <Value>
                <Integer>4</Integer>
              </Value>
            </Property>
            <Property>
              <Name>ObjectTtcpApproach</Name>
              <Value>
                <Transform3D>
                  <Pos>-6.140811403165923e-07 0.0316908949514845 0.07522567830599482</Pos>
                  <Rotation3D>0.9999999998954173 2.005684180607973e-06 1.43227987812222e-05 1.414499577969881e-05 -0.342025423212996 -0.939690698940822 3.014038545212049e-06 0.9396906990451425 -0.3420254232055964</Rotation3D>
                </Transform3D>
              </Value>
            </Property>
            <Property>
              <Name>ObjectTtcpGrasp</Name>
              <Value>
                <Transform3D>
                  <Pos>-3.307193250014854e-05 0.02999243850966966 0.07460569590303291</Pos>
                  <Rotation3D>0.9999995869013355 0.0005152437334063455 0.0007488130964502562 0.0008799638486242107 -0.342374384638772 -0.9395631997938445 -0.0002277296277263826 0.9395634705899957 -0.3423746966002296</Rotation3D>
                </Transform3D>
              </Value>
            </Property>
            <Property>
              <Name>ObjectTtcpLift</Name>
              <Value>
                <Transform3D>
                  <Pos>-3.608788739383272e-05 0.02999243598299773 0.07460569895824384</Pos>
                  <Rotation3D>0.9999995883143423 0.0005097943379447952 0.0007506536344932937 0.000879827320323875 -0.3423739804541479 -0.939563347205429 -0.0002219798017619453 0.9395636208462502 -0.3423742880346768</Rotation3D>
                </Transform3D>
              </Value>
            </Property>
            <Property>
              <Name>ObjectTtcptTarget</Name>
              <Value>
                <Transform3D>
                  <Pos>-0 0.3119077862357726 0.1776060429977007</Pos>
                  <Rotation3D>1 0 0 0 -0.3420201433256687 -0.9396926207859084 0 0.9396926207859084 -0.3420201433256687</Rotation3D>
                </Transform3D>
              </Value>
            </Property>
            <Property>
              <Name>QualityAfterLifting</Name>
              <Value>
                <Q>0.003172335727612154 0.0131628061303116 0.8285647907080927</Q>
              </Value>
            </Property>
            <Property>
              <Name>QualityBeforeLifting</Name>
              <Value>
                <Q>0.003172933318137579 0.01316393371108669 0.8285645060104525</Q>
              </Value>
            </Property>
            <Property>
              <Name>TestStatus</Name>
              <Value>
                <Integer>14</Integer>
              </Value>
            </Property>
          </PropertyMap>
        </CartesianTarget>
        <CartesianTarget id="3">
          <Transform3D>
            <Pos>0 0.03 0.075</Pos>
            <Rotation3D>1 0 0 0 -0.4999999999999999 -0.8660254037844387 0 0.8660254037844387 -0.4999999999999999</Rotation3D>
          </Transform3D>
          <Id></Id>
          <Index>3</Index>
          <PropertyMap>
            <Property>
              <Name>GripperConfiguration</Name>
              <Value>
                <Q>0.01545889094322217</Q>
              </Value>
            </Property>
            <Property>
              <Name>GripperConfigurationPost</Name>
              <Value>
                <Q>0.01545088873136482</Q>
              </Value>
            </Property>
            <Property>
              <Name>Interference</Name>
              <Value>
                <Double>0</Double>
              </Value>
            </Property>
            <Property>
              <Name>InterferenceAngles</Name>
              <Value>
                <DoubleList></DoubleList>
              </Value>
            </Property>
            <Property>
              <Name>InterferenceDistances</Name>
              <Value>
                <DoubleList></DoubleList>
              </Value>
            </Property>
            <Property>
              <Name>Interferences</Name>
              <Value>
                <DoubleList></DoubleList>
              </Value>
            </Property>
            <Property>
              <Name>LiftStatus</Name>
              <Value>
                <Integer>4</Integer>
              </Value>
            </Property>
            <Property>
              <Name>ObjectTtcpApproach</Name>
              <Value>
                <Transform3D>
                  <Pos>-6.130625582973501e-07 0.03155829236311964 0.07551004130295252</Pos>
                  <Rotation3D>0.9999999998954173 4.462341238606032e-06 1.375691988164346e-05 1.414499577969881e-05 -0.5000048659490777 -0.8660225942936847 3.014038545212049e-06 0.8660225943977052 -0.5000048659599056</Rotation3D>
                </Transform3D>
              </Value>
            </Property>
            <Property>
              <Name>ObjectTtcpGrasp</Name>
              <Value>
                <Transform3D>
                  <Pos>-1.83063898592334e-05 0.02999902992479526 0.07459572594975147</Pos>
                  <Rotation3D>0.9999993224921421 0.001135764103998017 0.0002550591242948056 0.000788926354560229 -0.5001579996201303 -0.865933804058484 -0.0008559266696959261 0.8659334186043925 -0.5001585567933896</Rotation3D>
                </Transform3D>
              </Value>
            </Property>
            <Property>
              <Name>ObjectTtcpLift</Name>
              <Value>
                <Transform3D>
                  <Pos>-1.905093177894276e-05 0.03000132816629389 0.07458570423989794</Pos>
                  <Rotation3D>0.9999993059904267 0.001144971585627263 0.000277594547646027 0.0008127604826088181 -0.4998682902294562 -0.86610105175059 -0.0008529003826274739 0.8661006762860473 -0.4998688739037359</Rotation3D>
                </Transform3D>
              </Value>
            </Property>
            <Property>
              <Name>ObjectTtcptTarget</Name>
              <Value>
                <Transform3D>
                  <Pos>-0 0.2898076211353317 0.225</Pos>
                  <Rotation3D>1 0 0 0 -0.4999999999999999 -0.8660254037844387 0 0.8660254037844387 -0.4999999999999999</Rotation3D>
                </Transform3D>
              </Value>
            </Property>
            <Property>
              <Name>QualityAfterLifting</Name>
              <Value>
                <Q>1.638908106449399e-11 4.410803289838106e-09 0.8807538955692163</Q>
              </Value>
            </Property>
            <Property>
              <Name>QualityBeforeLifting</Name>
              <Value>
                <Q>1.639347902218646e-11 7.813250609610984e-09 0.880753798764189</Q>
              </Value>
            </Property>
            <Property>
              <Name>TestStatus</Name>
              <Value>
                <Integer>14</Integer>
              </Value>
            </Property>
          </PropertyMap>
        </CartesianTarget>
        <CartesianTarget id="4">
          <Transform3D>
            <Pos>0 0.03 0.075</Pos>
            <Rotation3D>1 0 0 0 -0.6427876096865393 -0.766044443118978 0 0.766044443118978 -0.6427876096865393</Rotation3D>
          </Transform3D>
          <Id></Id>
          <Index>4</Index>
          <PropertyMap>
            <Property>
              <Name>GripperConfiguration</Name>
              <Value>
                <Q>0.01536204067182448</Q>
              </Value>
            </Property>
            <Property>
              <Name>GripperConfigurationPost</Name>
              <Value>
                <Q>0.01536203810005869</Q>
              </Value>
            </Property>
            <Property>
              <Name>Interference</Name>
              <Value>
                <Double>0</Double>
              </Value>
            </Property>
            <Property>
              <Name>InterferenceAngles</Name>
              <Value>
                <DoubleList></DoubleList>
              </Value>
            </Property>
            <Property>
              <Name>InterferenceDistances</Name>
              <Value>
                <DoubleList></DoubleList>
              </Value>
            </Property>
            <Property>
              <Name>Interferences</Name>
              <Value>
                <DoubleList></DoubleList>
              </Value>
            </Property>
            <Property>
              <Name>LiftStatus</Name>
              <Value>
                <Integer>4</Integer>
              </Value>
            </Property>
            <Property>
              <Name>ObjectTtcpApproach</Name>
              <Value>
                <Transform3D>
                  <Pos>-6.112915815894298e-07 0.03137832518981659 0.07576705798920276</Pos>
                  <Rotation3D>0.9999999998954173 6.783412316122685e-06 1.277304393279834e-05 1.414499577969881e-05 -0.6427919138479683 -0.7660408313475116 3.014038545212049e-06 0.7660408314480716 -0.6427919138766945</Rotation3D>
                </Transform3D>
              </Value>
            </Property>
            <Property>
              <Name>ObjectTtcpGrasp</Name>
              <Value>
                <Transform3D>
                  <Pos>-1.801856254488251e-05 0.03000638979570256 0.07460860755076597</Pos>
                  <Rotation3D>0.9999999635657719 0.0002501166292356942 0.0001015387927533224 0.0002385623167100486 -0.6428313521417426 -0.7660076995642023 -0.0001263189443431281 0.7660076958786327 -0.642831388389081</Rotation3D>
                </Transform3D>
              </Value>
            </Property>
            <Property>
              <Name>ObjectTtcpLift</Name>
              <Value>
                <Transform3D>
                  <Pos>-1.80154061108651e-05 0.0300064005697643 0.07460867653931284</Pos>
                  <Rotation3D>0.9999999635242499 0.0002503560601490548 0.0001013574963738215 0.0002385776133945375 -0.6428329093349232 -0.7660063927649176 -0.0001266184082647265 0.7660063890058895 -0.642832945616462</Rotation3D>
                </Transform3D>
              </Value>
            </Property>
            <Property>
              <Name>ObjectTtcptTarget</Name>
              <Value>
                <Transform3D>
                  <Pos>-0 0.2598133329356934 0.2678362829059618</Pos>
                  <Rotation3D>1 0 0 0 -0.6427876096865393 -0.766044443118978 0 0.766044443118978 -0.6427876096865393</Rotation3D>
                </Transform3D>
              </Value>
            </Property>
            <Property>
              <Name>QualityAfterLifting</Name>
              <Value>
                <Q>0.0008183008538801271 0.003636669091720022 0.905755906463415</Q>
              </Value>
            </Property>
            <Property>
              <Name>QualityBeforeLifting</Name>
              <Value>
                <Q>0.0008183317154045346 0.003636709628091341 0.9057559169619274</Q>
              </Value>
            </Property>
            <Property>
              <Name>TestStatus</Name>
              <Value>
                <Integer>14</Integer>
              </Value>
            </Property>
          </PropertyMap>
        </CartesianTarget>
        <CartesianTarget id="5">
          <Transform3D>
            <Pos>0 0.03 0.075</Pos>
            <Rotation3D>1 0 0 0 -0.766044443118978 -0.6427876096865394 0 0.6427876096865394 -0.766044443118978</Rotation3D>
          </Transform3D>
          <Id></Id>
          <Index>5</Index>
          <PropertyMap>
            <Property>
              <Name>ContactsGrasp</Name>
              <Value>
                <DoubleList>-0.006595936565360027 0.01427380076456123 0.0575223372181294 0.4022646894122318 -0.9155234022916644 -0.0001396723884098325 0.03975706369460227 -0.0904840100979092 -1.380425423494307e-05 -0.006595937344705777 0.014273801598472 0.05752233630053859 0.4022652247104332 -0.915523167646959 -0.0001359792000083793 0.04074610488437136 -0.09005067202492373 0.001067001000017272</DoubleList>
              </Value>
            </Property>
            <Property>
              <Name>GripperConfiguration</Name>
              <Value>
                <Q>2.034701963498128e-08</Q>
              </Value>
            </Property>
            <Property>
              <Name>GripperConfigurationPost</Name>
              <Value>
                <Q>1.487439097183496e-09</Q>
              </Value>
            </Property>
            <Property>
              <Name>Interference</Name>
              <Value>
                <Double>0</Double>
              </Value>
            </Property>
            <Property>
              <Name>InterferenceAngles</Name>
              <Value>
                <DoubleList></DoubleList>
              </Value>
            </Property>
            <Property>
              <Name>InterferenceDistances</Name>
              <Value>
                <DoubleList></DoubleList>
              </Value>
            </Property>
            <Property>
              <Name>Interferences</Name>
              <Value>
                <DoubleList></DoubleList>
              </Value>
            </Property>
            <Property>
              <Name>LiftResult</Name>
              <Value>
                <Double>0</Double>
              </Value>
            </Property>
            <Property>
              <Name>LiftStatus</Name>
              <Value>
                <Integer>4</Integer>
              </Value>
            </Property>
            <Property>
              <Name>ObjectTtcpApproach</Name>
              <Value>
                <Transform3D>
                  <Pos>-6.088220204239429e-07 0.0311564616430683 0.07598891904279059</Pos>
                  <Rotation3D>0.9999999998954173 8.898372842986179e-06 1.140106550752724e-05 1.414499577969881e-05 -0.7660480547129894 -0.6427833053762089 3.014038545212049e-06 0.6427833054702529 -0.7660480547587415</Rotation3D>
                </Transform3D>
              </Value>
            </Property>
            <Property>
              <Name>ObjectTtcptTarget</Name>
              <Value>
                <Transform3D>
                  <Pos>-0 0.2228362829059618 0.3048133329356934</Pos>
                  <Rotation3D>1 0 0 0 -0.766044443118978 -0.6427876096865394 0 0.6427876096865394 -0.766044443118978</Rotation3D>
                </Transform3D>
              </Value>
            </Property>
            <Property>
              <Name>QualityBeforeLifting</Name>
              <Value>
                <Q>-9.77495653864402e-11 1.109006569988173e-09 0.8715307936504856</Q>
              </Value>
            </Property>
            <Property>
              <Name>TestStatus</Name>
              <Value>
                <Integer>4</Integer>
              </Value>
            </Property>
          </PropertyMap>
        </CartesianTarget>
        <CartesianTarget id="6">
          <Transform3D>
            <Pos>0 0.03 0.075</Pos>
            <Rotation3D>1 0 0 0 -0.8660254037844386 -0.5000000000000001 0 0.5000000000000001 -0.8660254037844386</Rotation3D>
          </Transform3D>
          <Id></Id>
          <Index>6</Index>
          <PropertyMap>
            <Property>
              <Name>ContactsGrasp</Name>
              <Value>
                <DoubleList>-0.004170092500989295 0.0151671109349306 0.05360851641475872 0.2584056232251378 -0.9660363227097182 -0.000597571011115314 0.01852648009371198 -0.06926030664159037 -4.284305931052285e-05 -0.004170092873068647 0.01516711210117068 0.05360851571563029 0.258405848145887 -0.9660362642736094 -0.0005947707907740649 0.01852668766833728 -0.06926101817316542 -4.264273720577742e-05</DoubleList>
              </Value>
            </Property>
            <Property>
              <Name>GripperConfiguration</Name>
              <Value>
                <Q>2.690114164919209e-08</Q>
              </Value>
            </Property>
            <Property>
              <Name>GripperConfigurationPost</Name>
              <Value>
                <Q>1.895512776189708e-09</Q>
              </Value>
            </Property>
            <Property>
              <Name>Interference</Name>
              <Value>
                <Double>0</Double>
              </Value>
            </Property>
            <Property>
              <Name>InterferenceAngles</Name>
              <Value>
                <DoubleList></DoubleList>
              </Value>
            </Property>
            <Property>
              <Name>InterferenceDistances</Name>
              <Value>
                <DoubleList></DoubleList>
              </Value>
            </Property>
            <Property>
              <Name>Interferences</Name>
              <Value>
                <DoubleList></DoubleList>
              </Value>
            </Property>
            <Property>
              <Name>LiftResult</Name>
              <Value>
                <Double>0</Double>
              </Value>
            </Property>
            <Property>
              <Name>LiftStatus</Name>
              <Value>
                <Integer>4</Integer>
              </Value>
            </Property>
            <Property>
              <Name>ObjectTtcpApproach</Name>
              <Value>
                <Transform3D>
                  <Pos>-6.057289111672429e-07 0.03089944293447429 0.07616888332786943</Pos>
                  <Rotation3D>0.9999999998954173 1.074296081380948e-05 9.682671476027429e-06 1.414499577969881e-05 -0.8660282130745768 -0.4999951339350962 3.014038545212049e-06 0.4999951340197667 -0.8660282131359643</Rotation3D>
                </Transform3D>
              </Value>
            </Property>
            <Property>
              <Name>ObjectTtcptTarget</Name>
              <Value>
                <Transform3D>
                  <Pos>-0 0.18 0.3348076211353316</Pos>
                  <Rotation3D>1 0 0 0 -0.8660254037844386 -0.5000000000000001 0 0.5000000000000001 -0.8660254037844386</Rotation3D>
                </Transform3D>
              </Value>
            </Property>
            <Property>
              <Name>QualityBeforeLifting</Name>
              <Value>
                <Q>-8.591321751239001e-11 1.509405162030077e-09 0.8775613126403323</Q>
              </Value>
            </Property>
            <Property>
              <Name>TestStatus</Name>
              <Value>
                <Integer>4</Integer>
              </Value>
            </Property>
          </PropertyMap>
        </CartesianTarget>
        <CartesianTarget id="7">
          <Transform3D>
            <Pos>0 0.03 0.075</Pos>
            <Rotation3D>1 0 0 0 -0.9396926207859083 -0.3420201433256688 0 0.3420201433256688 -0.9396926207859083</Rotation3D>
          </Transform3D>
          <Id></Id>
          <Index>7</Index>
          <PropertyMap>
            <Property>
              <Name>ContactsGrasp</Name>
              <Value>
                <DoubleList>0.0005325797930421985 0.01573842046605472 0.04980467149053821 -0.01795066799991902 -0.9998388731508768 3.542233176290046e-05 -0.0005029976936330162 -0.02804312308335092 1.469742650626417e-06 0.0005325797930421985 0.01573842046605472 0.04980467149053821 -0.01795066799991902 -0.9998388731508768 3.542233176290046e-05 -0.000502997693622279 -0.02804312308313914 1.46974265755403e-06</DoubleList>
              </Value>
            </Property>
            <Property>
              <Name>GripperConfiguration</Name>
              <Value>
                <Q>6.261004989284265e-08</Q>
              </Value>
            </Property>
            <Property>
              <Name>GripperConfigurationPost</Name>
              <Value>
                <Q>4.802071899787866e-09</Q>
              </Value>
            </Property>
            <Property>
              <Name>Interference</Name>
              <Value>
                <Double>0</Double>
              </Value>
            </Property>
            <Property>
              <Name>InterferenceAngles</Name>
              <Value>
                <DoubleList></DoubleList>
              </Value>
            </Property>
            <Property>
              <Name>InterferenceDistances</Name>
              <Value>
                <DoubleList></DoubleList>
              </Value>
            </Property>
            <Property>
              <Name>Interferences</Name>
              <Value>
                <DoubleList></DoubleList>
              </Value>
            </Property>
            <Property>
              <Name>LiftResult</Name>
              <Value>
                <Double>0</Double>
              </Value>
            </Property>
            <Property>
              <Name>LiftStatus</Name>
              <Value>
                <Integer>4</Integer>
              </Value>
            </Property>
            <Property>
              <Name>ObjectTtcpApproach</Name>
              <Value>
                <Transform3D>
                  <Pos>-6.021062363789068e-07 0.03061507844743747 0.076301482720704</Pos>
                  <Rotation3D>0.9999999998954173 1.226112935650565e-05 7.670074371396719e-06 1.414499577969881e-05 -0.9396945424133145 -0.3420148633591121 3.014038545212049e-06 0.3420148634318365 -0.9396945424884723</Rotation3D>
                </Transform3D>
              </Value>
            </Property>
            <Property>
              <Name>ObjectTtcptTarget</Name>
              <Value>
                <Transform3D>
                  <Pos>-0 0.1326060429977006 0.3569077862357725</Pos>
                  <Rotation3D>1 0 0 0 -0.9396926207859083 -0.3420201433256688 0 0.3420201433256688 -0.9396926207859083</Rotation3D>
                </Transform3D>
              </Value>
            </Property>
            <Property>
              <Name>QualityBeforeLifting</Name>
              <Value>
                <Q>-8.397650630431741e-11 1.366087967971399e-08 0.8762605711623784</Q>
              </Value>
            </Property>
            <Property>
              <Name>TestStatus</Name>
              <Value>
                <Integer>4</Integer>
              </Value>
            </Property>
          </PropertyMap>
        </CartesianTarget>
        <CartesianTarget id="8">
          <Transform3D>
            <Pos>0 0.03 0.075</Pos>
            <Rotation3D>1 0 0 0 -0.984807753012208 -0.1736481776669304 0 0.1736481776669304 -0.984807753012208</Rotation3D>
          </Transform3D>
          <Id></Id>
          <Index>8</Index>
          <PropertyMap>
            <Property>
              <Name>ContactsGrasp</Name>
              <Value>
                <DoubleList>0.0005429970476189367 0.0157380000331711 0.04680007094804864 5.854375518842008e-05 -0.9999999822568847 0.0001790498789007164 4.148051360380805e-06 -0.06991880573970291 1.257370692718884e-05 0.0005429970476189367 0.0157380000331711 0.04680007094804864 5.854375518842008e-05 -0.9999999822568847 0.0001790498789007164 4.148051374242102e-06 -0.06991880573691726 1.25737069407173e-05</DoubleList>
              </Value>
            </Property>
            <Property>
              <Name>GripperConfiguration</Name>
              <Value>
                <Q>2.663833153872771e-08</Q>
              </Value>
            </Property>
            <Property>
              <Name>GripperConfigurationPost</Name>
              <Value>
                <Q>1.966959772081851e-09</Q>
              </Value>
            </Property>
            <Property>
              <Name>Interference</Name>
              <Value>
                <Double>0</Double>
              </Value>
            </Property>
            <Property>
              <Name>InterferenceAngles</Name>
              <Value>
                <DoubleList></DoubleList>
              </Value>
            </Property>
            <Property>
              <Name>InterferenceDistances</Name>
              <Value>
                <DoubleList></DoubleList>
              </Value>
            </Property>
            <Property>
              <Name>Interferences</Name>
              <Value>
                <DoubleList></DoubleList>
              </Value>
            </Property>
            <Property>
              <Name>LiftResult</Name>
              <Value>
                <Double>0</Double>
              </Value>
            </Property>
            <Property>
              <Name>LiftStatus</Name>
              <Value>
                <Integer>4</Integer>
              </Value>
            </Property>
            <Property>
              <Name>ObjectTtcpApproach</Name>
              <Value>
                <Transform3D>
                  <Pos>-5.980640691992169e-07 0.03031200845300113 0.07638268825584116</Pos>
                  <Rotation3D>0.9999999998954173 1.34067496881352e-05 5.424425938236021e-06 1.414499577969881e-05 -0.9848087285892047 -0.1736426442278328 3.014038545212049e-06 0.1736426442864012 -0.984808728675849</Rotation3D>
                </Transform3D>
              </Value>
            </Property>
            <Property>
              <Name>ObjectTtcptTarget</Name>
              <Value>
                <Transform3D>
                  <Pos>-0 0.08209445330007911 0.3704423259036624</Pos>
                  <Rotation3D>1 0 0 0 -0.984807753012208 -0.1736481776669304 0 0.1736481776669304 -0.984807753012208</Rotation3D>
                </Transform3D>
              </Value>
            </Property>
            <Property>
              <Name>QualityBeforeLifting</Name>
              <Value>
                <Q>-8.651704092726975e-11 2.04875438036325e-09 0.8705089541192144</Q>
              </Value>
            </Property>
            <Property>
              <Name>TestStatus</Name>
              <Value>
                <Integer>4</Integer>
              </Value>
            </Property>
          </PropertyMap>
        </CartesianTarget>
        <CartesianTarget id="9">
          <Transform3D>
            <Pos>0 0.03 0.075</Pos>
            <Rotation3D>1 0 0 0 -1 -6.123233995736766e-17 0 6.123233995736766e-17 -1</Rotation3D>
          </Transform3D>
          <Id></Id>
          <Index>9</Index>
          <PropertyMap>
            <Property>
              <Name>GripperConfiguration</Name>
              <Value>
