1, 0, 0, 0
0, 1, 0, 1
0, 0, 1, 2
1, 0, 0, 0
0, 1, 0, 1
0, 0, 1, 2
0.392672, -0.000227697, -0.919679, 0
-0.919678, 0.000966464, -0.392672, 1
0.000978247, 1, 0.000170095, 2
0.72207, 0.000478186, -0.69182, 0
-0.69182, 0.00194323, -0.722068, 1
0.000999081, 0.999998, 0.00173396, 2
0.503791, -0.000156877, -0.863825, 0
-0.863819, 0.00362328, -0.503788, 1
0.00320891, 0.999993, 0.00168986, 2
1, 0, 0, 0
0, 1, 0, 1
0, 0, 1, 2
0.663601, -1.52473e-05, -0.748087, 0
-0.748087, 0.000113601, -0.663601, 1
9.51018e-05, 1, 6.39796e-05, 2
0.72116, 0.00043963, -0.692769, 0
-0.692769, 2.28673e-05, -0.72116, 1
-0.000301202, 1, 0.000321053, 2
0.939766, 0.00249502, -0.341808, 0
-0.341813, 0.00160839, -0.939767, 1
-0.00179498, 0.999996, 0.00236434, 2
0.632433, 0.000205422, -0.774615, 0
-0.774614, -0.00117911, -0.632433, 1
-0.00104327, 0.999999, -0.000586588, 2
0.974901, 0.165255, -0.149191, 0
-0.222637, 0.724854, -0.651935, 1
0.000405848, 0.668788, 0.743453, 2
0.986745, -0.000348239, -0.16228, 0
-0.16228, -1.40527e-05, -0.986745, 1
0.000341343, 1, -7.03787e-05, 2
0.999988, 0.000533625, 0.00482064, 0
0.00482041, 0.000438174, -0.999988, 1
-0.000535731, 1, 0.000435597, 2
0.997354, 9.91503e-06, 0.0726987, 0
0.0726987, 0.000308613, -0.997354, 1
-3.23246e-05, 1, 0.000307076, 2
1, 0, 0, 0
0, 1, 0, 1
0, 0, 1, 2
0.663195, 3.19532e-05, 0.748447, 0
0.748447, -0.0002459, -0.663195, 1
0.000162852, 1, -0.000186995, 2
0.90915, -0.00119996, 0.416467, 0
0.416468, 0.000803722, -0.90915, 1
0.000756217, 0.999999, 0.00123045, 2
0.788917, -0.000635393, 0.6145, 0
0.6145, -0.000280776, -0.788917, 1
0.000673809, 1, 0.000168941, 2
1, 0, 0, 0
0, 1, 0, 1
0, 0, 1, 2
1, 0, 0, 0
0, 1, 0, 1
0, 0, 1, 2
0.539208, -0.00357579, 0.842165, 0
0.842173, 0.00150269, -0.539206, 1
0.000662572, 0.999992, 0.0038217, 2
0.709241, -0.00113612, 0.704965, 0
0.704965, -3.75032e-05, -0.709242, 1
0.000832222, 0.999999, 0.000774326, 2
0.513687, -0.000473989, 0.857977, 0
0.857977, 0.00183577, -0.513686, 1
-0.00133157, 0.999998, 0.00134968, 2
1, 0, 0, 0
0, 1, 0, 1
0, 0, 1, 2
0.00771224, 0.893617, 0.448765, 0
0.99997, -0.00690036, -0.00344442, 1
1.8644e-05, 0.448778, -0.893643, 2
1, 0, 0, 0
0, 1, 0, 1
0, 0, 1, 2
0.0301582, -0.000635332, -0.999545, 0
-0.999545, -0.000327735, -0.030158, 1
-0.000308426, 1, -0.000644927, 2
0.577914, 0.00127206, -0.816097, 0
-0.816097, -0.000847456, -0.577915, 1
-0.00142675, 0.999999, 0.000548367, 2
0.670773, 0.00191874, -0.74166, 0
-0.741662, 0.00338751, -0.670766, 1
0.00122536, 0.999992, 0.00369531, 2
0.89849, 0.000190982, -0.438995, 0
-0.438995, 0.000650378, -0.898489, 1
0.000113917, 1, 0.000668198, 2
1, 0, 0, 0
0, 1, 0, 1
0, 0, 1, 2
0.531738, -0.00115075, -0.846908, 0
-0.846909, -0.0012475, -0.531737, 1
-0.000444621, 0.999999, -0.00163792, 2
0.877347, 0.00380397, -0.479841, 0
-0.479848, 0.000998605, -0.877351, 1
-0.00285825, 0.999992, 0.00270145, 2
0.886797, -0.0020208, -0.462155, 0
-0.462151, 0.00231812, -0.886798, 1
0.00286337, 0.999995, 0.00112178, 2
0.999808, 0.00344469, 0.0192806, 0
0.0192679, 0.00369869, -0.999808, 1
-0.00351534, 0.999987, 0.00363161, 2
0.747167, -0.0012269, -0.664635, 0
-0.664636, -8.97603e-05, -0.747168, 1
0.000857043, 0.999999, -0.000882508, 2
0.89564, -0.000216311, -0.444779, 0
-0.444779, 0.000145576, -0.89564, 1
0.000258486, 1, 3.41734e-05, 2
0.999991, -0.00109392, -0.00399137, 0
-0.00399293, -0.0014208, -0.999991, 1
0.00108824, 0.999998, -0.00142516, 2
0.886735, 0.000335714, 0.462279, 0
0.462279, 5.90183e-05, -0.886735, 1
-0.000324973, 1, -0.00010286, 2
0.931484, -0.000128988, 0.363783, 0
0.363783, 0.000290861, -0.931484, 1
1.43404e-05, 1, 0.000317856, 2
0.993573, -0.00132068, 0.113189, 0
0.113189, -0.000437558, -0.993573, 1
0.00136172, 0.999999, -0.00028526, 2
0.898482, 0.00056861, 0.43901, 0
0.439004, 0.00436901, -0.898475, 1
-0.00242892, 0.99999, 0.00367585, 2
0.890941, -0.000451271, 0.45412, 0
0.45412, -0.00052649, -0.890941, 1
0.000641146, 1, -0.00026414, 2
0.660217, 0.000339921, 0.751075, 0
0.751075, 0.00011409, -0.660217, 1
-0.000310112, 1, -0.000179982, 2
0.412284, -0.00124591, 0.911054, 0
0.91105, 0.00392788, -0.412277, 1
-0.00306485, 0.999992, 0.00275449, 2
0.887835, 0.00360574, 0.460148, 0
0.460151, 6.83194e-05, -0.887841, 1
-0.00323276, 0.999993, -0.00159853, 2
0.669245, 0.000378701, 0.743042, 0
0.743042, 5.39287e-05, -0.669245, 1
-0.000293515, 1, -0.000245299, 2
0.553983, -0.000574491, 0.832528, 0
0.832528, 3.96084e-06, -0.553983, 1
0.00031496, 1, 0.000480474, 2
0.271886, 0.000477225, 0.962329, 0
0.962329, 0.00034515, -0.271886, 1
-0.000461899, 1, -0.000365406, 2
0.693398, 0.605999, 0.389827, 0
0.720408, -0.572109, -0.39205, 1
-0.0145585, 0.552681, -0.833266, 2
1, 0, 0, 0
0, 1, 0, 1
0, 0, 1, 2
0.828048, -0.00200912, -0.560654, 0
-0.560657, -0.00106718, -0.828048, 1
0.00106533, 0.999997, -0.0020101, 2
0.707831, 0.00038522, -0.706382, 0
-0.706382, -0.000144386, -0.707831, 1
-0.000374662, 1, 0.000169912, 2
0.565546, 0.00174432, -0.824715, 0
-0.824717, 0.00165473, -0.565543, 1
0.000378187, 0.999997, 0.0023744, 2
1, 0, 0, 0
0, 1, 0, 1
0, 0, 1, 2
1, 0, 0, 0
0, 1, 0, 1
0, 0, 1, 2
0.99978, -0.0037187, 0.0206604, 0
0.0206684, 0.00212021, -0.999784, 1
0.00367409, 0.999991, 0.0021966, 2
0.92387, 0.00184668, -0.382702, 0
-0.3827, -0.00134603, -0.923872, 1
-0.00222123, 0.999997, -0.000536833, 2
0.94111, -0.00136392, -0.338098, 0
-0.3381, -0.00155198, -0.941109, 1
0.000758872, 0.999998, -0.00192172, 2
0.948992, 0.00332391, -0.315282, 0
-0.315289, 0.00174345, -0.948994, 1
-0.00260469, 0.999993, 0.00270251, 2
1, 8.62605e-05, -8.53275e-05, 0
-0.000121329, 0.705461, -0.708748, 1
-9.41747e-07, 0.708749, 0.705461, 2
0.999606, -0.000227109, -0.0280834, 0
-0.0280836, -0.000524524, -0.999605, 1
0.000212289, 1, -0.000530695, 2
1, 0.000958687, 0.000106908, 0
0.000106687, 0.000230665, -1, 1
-0.000958712, 1, 0.000230563, 2
0.999998, -0.00104857, -0.0015316, 0
-0.0015321, -0.00047878, -0.999999, 1
0.00104784, 0.999999, -0.000480386, 2
1, 0.000106068, 3.88213e-05, 0
0.000102155, -0.702705, -0.711481, 1
-4.81854e-05, 0.711481, -0.702705, 2
1, 0, 0, 0
0, 1, 0, 1
0, 0, 1, 2
0.968453, -0.00282305, 0.24918, 0
0.24918, -0.000122637, -0.968457, 1
0.00276457, 0.999996, 0.000584681, 2
0.923175, 0.0012258, 0.384379, 0
0.384378, 0.000842719, -0.923176, 1
-0.00145555, 0.999999, 0.000306807, 2
0.997963, -0.00050791, 0.0637978, 0
0.0637981, 0.000616879, -0.997963, 1
0.00046752, 1, 0.000648026, 2
0.923057, 0.265104, 0.27872, 0
0.384662, -0.636935, -0.668094, 1
0.000411923, 0.723902, -0.689903, 2
1, 0, 0, 0
0, 1, 0, 1
0, 0, 1, 2
0.672139, 0.00017318, 0.740425, 0
0.740425, 6.61487e-06, -0.672139, 1
-0.000121299, 1, -0.000123781, 2
0.706269, -6.68518e-05, 0.707944, 0
0.707944, -0.000430545, -0.706269, 1
0.000352017, 1, -0.000256753, 2
0.85611, 0.000121673, 0.516793, 0
0.51679, -0.00374899, -0.856104, 1
0.00183329, 0.999993, -0.00327243, 2
0.690507, 0.49931, 0.523344, 0
0.723326, -0.47683, -0.499433, 1
0.000173794, 0.72341, -0.690418, 2
0.911098, -6.75846e-05, -0.41219, 0
-0.41219, 4.94841e-05, -0.911098, 1
8.19731e-05, 1, 1.72271e-05, 2
0.679669, -0.000644775, -0.733519, 0
-0.733518, 0.00118589, -0.679669, 1
0.0013081, 0.999999, 0.000333056, 2
0.524291, -0.00282503, -0.851535, 0
-0.851534, 0.00189216, -0.524297, 1
0.00309239, 0.999994, -0.00141357, 2
-0.0320782, 0.00141283, -0.999484, 0
-0.999484, 0.001269, 0.03208, 1
0.00131367, 0.999998, 0.0013714, 2
0.726852, -0.569573, -0.383762, 0
-0.686551, -0.587704, -0.428079, 1
0.0182834, 0.574622, -0.818214, 2
0.999883, -4.97349e-05, 0.0152701, 0
0.0152701, -0.000228135, -0.999883, 1
5.32128e-05, 1, -0.000227349, 2
0.892606, 0.00104937, -0.450836, 0
-0.450837, 0.00036253, -0.892606, 1
-0.000773231, 0.999999, 0.00079669, 2
0.861293, -0.00294096, -0.508101, 0
-0.508101, 0.000764461, -0.861297, 1
0.00292146, 0.999995, -0.000835881, 2
0.572052, 0.000236106, -0.820217, 0
-0.820217, 7.93586e-05, -0.572052, 1
-6.99739e-05, 1, 0.000239056, 2
0.876457, -0.335294, -0.345546, 0
-0.481475, -0.606925, -0.632316, 1
0.00229107, 0.720569, -0.693379, 2
0.629418, 0.00150907, 0.777065, 0
0.777061, 0.00264263, -0.62942, 1
-0.00300334, 0.999995, 0.000490683, 2
0.894139, -0.00123211, 0.447788, 0
0.447789, 0.000748641, -0.894139, 1
0.000766445, 0.999999, 0.00122111, 2
0.999998, 0.00116803, -0.00136326, 0
-0.001365, 0.0014837, -0.999998, 1
-0.001166, 0.999998, 0.00148529, 2
0.894142, 0.00607682, -0.447743, 0
-0.44774, -0.00187612, -0.894162, 1
-0.00627367, 0.99998, 0.00104332, 2
0.917207, -0.000835385, -0.39841, 0
-0.39841, 0.000235359, -0.917207, 1
0.000859991, 1, -0.000116953, 2
1, 0, 0, 0
0, 1, 0, 1
0, 0, 1, 2
0.616607, 0.0020837, 0.787268, 0
0.78727, -0.000683416, -0.616607, 1
-0.000746793, 0.999998, -0.00206183, 2
0.860545, -0.00299106, 0.509366, 0
0.509375, 0.00367006, -0.860537, 1
0.00070451, 0.999989, 0.00468182, 2
0.911024, 0.00118471, 0.412351, 0
0.412353, -0.00262459, -0.911021, 1
2.96126e-06, 0.999996, -0.00287959, 2
0.988695, 0.00440484, 0.149877, 0
0.149886, -0.00179656, -0.988702, 1
-0.00408581, 0.999989, -0.00243647, 2
1, 0, 0, 0
0, 1, 0, 1
0, 0, 1, 2
0.0517948, 0.00375157, 0.998651, 0
0.998657, 0.000932958, -0.0517986, 1
-0.00112603, 0.999993, -0.00369821, 2
0.521422, -0.000899006, 0.853299, 0
0.853296, 0.00318322, -0.521417, 1
-0.00224748, 0.999995, 0.00242692, 2
0.671308, 0.000778104, 0.741178, 0
0.741178, -0.00206697, -0.671305, 1
0.00100965, 0.999998, -0.00196428, 2
0.927949, -0.00265603, 0.372698, 0
0.372702, 0.00115839, -0.92795, 1
0.00203293, 0.999996, 0.00206483, 2
0.575166, 0.000754132, -0.818036, 0
-0.818037, 0.000327124, -0.575166, 1
-0.000166152, 1, 0.000805058, 2
0.680576, -0.000183722, -0.732677, 0
-0.732677, 8.28736e-06, -0.680576, 1
0.000131109, 1, -0.000128969, 2
0.196759, 0.000798163, -0.980452, 0
-0.980451, 0.00133162, -0.196758, 1
0.00114855, 0.999999, 0.00104457, 2
0.370352, 0.00117507, -0.928891, 0
-0.928872, -0.0059578, -0.370352, 1
-0.00596933, 0.999982, -0.00111499, 2
0.0798036, -0.978293, -0.191245, 0
-0.99681, -0.078424, -0.0147847, 1
-0.000534468, 0.191815, -0.981431, 2
0.560898, 0.00170112, -0.827883, 0
-0.827883, -0.000909096, -0.5609, 1
-0.00170678, 0.999998, 0.000898419, 2
0.909338, -0.000859026, -0.416058, 0
-0.416059, -0.0027521, -0.909334, 1
-0.00036389, 0.999996, -0.00285999, 2
0.7711, -9.83507e-05, -0.636713, 0
-0.636713, 0.000419358, -0.7711, 1
0.000342849, 1, 0.000260746, 2
1, 0, 0, 0
0, 1, 0, 1
0, 0, 1, 2
1, 0, 0, 0
0, 1, 0, 1
0, 0, 1, 2
0.950679, -0.211374, 0.227002, 0
0.310176, 0.64729, -0.696281, 1
0.000239686, 0.73235, 0.680928, 2
0.98254, 0.00262817, 0.186035, 0
0.186034, 0.000840774, -0.982543, 1
-0.0027387, 0.999996, 0.000337165, 2
0.999943, -0.00135753, -0.0106114, 0
-0.0106137, -0.00168113, -0.999942, 1
0.00133961, 0.999998, -0.00169544, 2
0.99259, 0.00216264, -0.121489, 0
-0.121484, -0.00228029, -0.992591, 1
-0.00242365, 0.999995, -0.00200067, 2
1, 0, 0, 0
0, 1, 0, 1
0, 0, 1, 2
1, 0, 0, 0
0, 1, 0, 1
0, 0, 1, 2
0.668097, 0.000306333, 0.744075, 0
0.744075, -0.000127494, -0.668097, 1
-0.000109795, 1, -0.000313113, 2
0.773894, 0.000201807, 0.633315, 0
0.633315, -0.000175713, -0.773894, 1
-4.48962e-05, 1, -0.00026379, 2
0.936028, 0.00135691, 0.351923, 0
0.351921, 0.00151719, -0.936029, 1
-0.00180405, 0.999998, 0.000942611, 2
0.618313, 0.000865766, 0.785931, 0
0.785932, 2.61643e-05, -0.618314, 1
-0.000555878, 1, -0.000664255, 2
1, 0, 0, 0
0, 1, 0, 1
0, 0, 1, 2
1, 0, 0, 0
0, 1, 0, 1
0, 0, 1, 2
0.0977841, -0.00182632, 0.995206, 0
0.995203, 0.00310959, -0.0977782, 1
-0.00291611, 0.999993, 0.00212163, 2
0.708291, -0.000456743, 0.705921, 0
0.705921, 0.000476283, -0.70829, 1
-1.27116e-05, 1, 0.000659771, 2
0.590162, 4.36757e-05, 0.807285, 0
0.807282, 0.00281281, -0.59016, 1
-0.00229651, 0.999996, 0.00162475, 2
