0.999759, -0.00198089, 0.0218782, 0
0.0218845, 0.00321711, -0.999755, 1
0.00191002, 0.999993, 0.00325969, 2
0.999949, 0.00178406, -0.00997962, 0
-0.00998208, 0.00137556, -0.999949, 1
-0.00177024, 0.999997, 0.0013933, 2
0.999989, 0.00124716, 0.00448131, 0
0.00447867, 0.00211537, -0.999988, 1
-0.00125663, 0.999997, 0.00210976, 2
0.999726, 0.00058157, -0.0233909, 0
-0.023391, 0.000165714, -0.999726, 1
-0.000577535, 1, 0.000179272, 2
0.999617, 0.00392966, 0.0273757, 0
0.0273583, 0.00442456, -0.999616, 1
-0.00404928, 0.999982, 0.00431536, 2
0.998943, -0.000612071, -0.0459548, 0
-0.0459568, -0.00379302, -0.998936, 1
0.000437112, 0.999993, -0.00381714, 2
0.998742, 0.00076287, -0.0501294, 0
-0.05013, 0.000870263, -0.998742, 1
-0.000718285, 0.999999, 0.000907412, 2
0.999721, -0.00109637, -0.0235952, 0
-0.023592, 0.00288707, -0.999718, 1
0.00116418, 0.999995, 0.00286039, 2
0.998832, -0.000187829, 0.0483279, 0
0.048328, 0.000480661, -0.998831, 1
0.000164381, 1, 0.000489176, 2
0.99815, -0.000532235, -0.0607934, 0
-0.0607928, 0.00105933, -0.99815, 1
0.00059565, 0.999999, 0.00102501, 2
0.998452, -0.000959794, -0.0556167, 0
-0.055612, 0.0043877, -0.998443, 1
0.00120233, 0.99999, 0.00432753, 2
0.975883, 0.00236148, -0.218281, 0
-0.218283, 0.000948971, -0.975885, 1
-0.00209739, 0.999997, 0.00144156, 2
0.896611, 0.00118657, 0.442818, 0
0.442816, 0.00172462, -0.896611, 1
-0.00182758, 0.999998, 0.00102088, 2
0.998181, 0.00239021, 0.0602335, 0
0.0602271, 0.0027017, -0.998181, 1
-0.0025486, 0.999993, 0.00255283, 2
0.921902, -0.000369291, 0.387423, 0
0.387418, -0.00414037, -0.921895, 1
0.00194452, 0.999991, -0.00367394, 2
0.950187, -0.000172688, -0.31168, 0
-0.311679, 0.00100448, -0.950187, 1
0.000477163, 0.999999, 0.000900623, 2
0.998903, 0.000672633, -0.0468158, 0
-0.0468183, 0.00433391, -0.998894, 1
-0.000468993, 0.99999, 0.00436065, 2
0.97936, 0.00233701, -0.20211, 0
-0.202114, 0.00165112, -0.979361, 1
-0.00195507, 0.999996, 0.00208939, 2
0.985365, 0.000722726, 0.170458, 0
0.170457, 0.000673102, -0.985365, 1
-0.000826884, 1, 0.000540057, 2
0.98811, -0.00230545, 0.153729, 0
0.153728, -0.000743819, -0.988113, 1
0.00239239, 0.999997, -0.000380564, 2
0.932234, -0.00192051, -0.361852, 0
-0.361849, 0.00163199, -0.932235, 1
0.00238091, 0.999997, 0.000826464, 2
0.994242, -0.00132976, 0.107149, 0
0.107147, -0.00156488, -0.994242, 1
0.00148978, 0.999998, -0.00141339, 2
0.978675, 0.00168328, -0.205409, 0
-0.205411, 0.00133064, -0.978675, 1
-0.00137406, 0.999998, 0.00164803, 2
0.916065, -0.000390651, 0.401029, 0
0.401029, 0.000282545, -0.916065, 1
0.000244553, 1, 0.000415492, 2
0.108695, -0.000933501, -0.994075, 0
-0.994075, 0.000233968, -0.108695, 1
0.000334048, 1, -0.000902539, 2
0.772649, -0.000103599, -0.634833, 0
-0.634833, -0.00121877, -0.772649, 1
-0.00069367, 0.999999, -0.00100745, 2
0.576529, -0.000286606, 0.817077, 0
0.817077, -1.32445e-05, -0.576529, 1
0.000176059, 1, 0.000226544, 2
0.851847, 0.00202008, 0.523787, 0
0.523773, 0.00498431, -0.851844, 1
-0.0043315, 0.999986, 0.00318781, 2
0.974316, -0.00243332, 0.225174, 0
0.225165, -0.00346064, -0.974314, 1
0.00315007, 0.999991, -0.00282385, 2
0.497219, 0.00166018, 0.867624, 0
0.867625, -0.00093626, -0.497218, 1
-1.31484e-05, 0.999998, -0.00190594, 2
0.72505, 0.000276062, -0.688696, 0
-0.688695, -0.001554, -0.72505, 1
-0.00127039, 0.999999, -0.000936602, 2
0.92207, 0.00192532, -0.387018, 0
-0.387017, -0.00105629, -0.922072, 1
-0.00218408, 0.999998, -0.000228842, 2
0.983658, 0.0021409, 0.180034, 0
0.180028, 0.00276045, -0.983658, 1
-0.00260288, 0.999994, 0.00232992, 2
0.704462, 0.00241073, -0.709738, 0
-0.709739, -0.00043057, -0.704464, 1
-0.00200387, 0.999997, 0.00140767, 2
0.713185, -0.000760178, 0.700975, 0
0.700976, 6.58184e-06, -0.713185, 1
0.000537534, 1, 0.00053756, 2
0.743577, 0.000967559, -0.668649, 0
-0.668649, -0.000223942, -0.743578, 1
-0.000869194, 1, 0.00048044, 2
0.995679, -7.12811e-05, -0.0928671, 0
-0.0928671, 8.61026e-05, -0.995679, 1
7.89692e-05, 1, 7.91109e-05, 2
0.697534, 0.000683893, 0.716552, 0
0.716552, 1.68135e-05, -0.697534, 1
-0.000489086, 1, -0.000478317, 2
0.994227, 0.00112565, -0.107289, 0
-0.107292, 0.00318032, -0.994222, 1
-0.000777931, 0.999994, 0.00328274, 2
0.998094, -0.00211912, 0.0616677, 0
0.0616688, 0.000438223, -0.998097, 1
0.00208806, 0.999998, 0.000568071, 2
0.994473, 0.000556085, -0.104992, 0
-0.104991, -0.00123907, -0.994472, 1
-0.000683103, 0.999999, -0.00117384, 2
0.999778, 0.000546587, -0.0210424, 0
-0.0210401, -0.00387366, -0.999771, 1
-0.000627973, 0.999992, -0.0038613, 2
0.916405, 0.00250186, 0.400244, 0
0.400248, -0.00090313, -0.916407, 1
-0.00193125, 0.999996, -0.001829, 2
0.900603, -0.00040685, 0.434642, 0
0.434642, -8.40595e-05, -0.900604, 1
0.000402946, 1, 0.000101129, 2
0.999016, -0.00149856, -0.0443149, 0
-0.0443115, 0.00220666, -0.999015, 1
0.00159487, 0.999996, 0.00213809, 2
0.987655, -0.00193447, 0.156631, 0
0.156629, -0.00119081, -0.987657, 1
0.00209711, 0.999997, -0.00087312, 2
0.962869, -5.68291e-06, -0.269967, 0
-0.269967, 0.000676258, -0.962869, 1
0.00018804, 1, 0.000649614, 2
0.929693, -0.00247684, -0.368327, 0
-0.368318, 0.00338554, -0.929694, 1
0.00354969, 0.999991, 0.00223525, 2
0.940378, -0.000825981, 0.340132, 0
0.340129, -0.00208153, -0.940376, 1
0.00148473, 0.999997, -0.00167649, 2
0.233109, -0.000568851, -0.972451, 0
-0.972451, 0.000251172, -0.233109, 1
0.000376857, 1, -0.000494629, 2
0.902141, -0.000616145, -0.431441, 0
-0.431441, 4.88924e-05, -0.902141, 1
0.000576944, 1, -0.000221722, 2
0.786596, -8.57313e-05, -0.617469, 0
-0.617469, 0.000230469, -0.786596, 1
0.000209743, 1, 0.000128349, 2
0.933199, -0.00230614, -0.359352, 0
-0.359355, -0.000956691, -0.933201, 1
0.00180831, 0.999997, -0.00172151, 2
0.802033, -0.00109316, 0.597278, 0
0.597279, 0.000332262, -0.802034, 1
0.000678302, 0.999999, 0.000919409, 2
0.856085, 0.000531124, 0.516834, 0
0.516834, 0.000518741, -0.856085, 1
-0.000722791, 1, 0.000169584, 2
0.938863, 0.00191476, 0.344287, 0
0.344288, -0.000344136, -0.938864, 1
-0.00167922, 0.999998, -0.000982326, 2
0.976524, -0.00226323, -0.215397, 0
-0.215389, 0.0031768, -0.976523, 1
0.00289437, 0.999992, 0.00261474, 2
0.937254, -0.002209, -0.348641, 0
-0.348631, 0.0039194, -0.937252, 1
0.00343685, 0.99999, 0.00290334, 2
0.98076, 0.000402543, -0.195217, 0
-0.195218, 0.00320415, -0.980755, 1
0.000230711, 0.999995, 0.00322109, 2
0.95578, -0.00221353, -0.294074, 0
-0.294071, 0.00182097, -0.955782, 1
0.00265115, 0.999996, 0.00108952, 2
0.959636, -0.00212744, 0.281236, 0
0.281236, -0.000288978, -0.959639, 1
0.00212285, 0.999998, 0.000321, 2
0.98217, 0.00237426, 0.187979, 0
0.187968, 0.0041759, -0.982166, 1
-0.0031169, 0.999988, 0.00365516, 2
0.91247, -0.00072386, 0.409142, 0
0.409143, 0.0022381, -0.912468, 1
-0.000255203, 0.999997, 0.00233836, 2
0.984844, 0.00028527, 0.173441, 0
0.173441, -1.01152e-06, -0.984844, 1
-0.000280771, 1, -5.04738e-05, 2
0.905191, -0.000285431, -0.425005, 0
-0.425004, 0.000456075, -0.905191, 1
0.000452204, 1, 0.000291526, 2
0.676281, 0.0011173, -0.736643, 0
-0.736641, -0.00213687, -0.676281, 1
-0.00232972, 0.999997, -0.000622074, 2
0.970856, -0.00262003, 0.239648, 0
0.239653, 0.00176438, -0.970857, 1
0.00212085, 0.999995, 0.00234086, 2
0.99162, 0.000897723, -0.129187, 0
-0.129189, 0.00152227, -0.991619, 1
-0.000693541, 0.999998, 0.00162549, 2
0.894484, 0.000857903, -0.4471, 0
-0.447094, -0.00366452, -0.894479, 1
-0.00240578, 0.999993, -0.00289429, 2
0.775649, 0.00117529, 0.631164, 0
0.631165, -0.00195669, -0.775646, 1
0.000323388, 0.999997, -0.00225951, 2
0.76028, 0.00113924, -0.649594, 0
-0.649595, -2.70417e-05, -0.760281, 1
-0.000883712, 0.999999, 0.000719488, 2
0.984009, 7.18805e-05, 0.178118, 0
0.178118, -0.000220785, -0.984009, 1
-3.14053e-05, 1, -0.000230058, 2
0.894482, 0.00447597, -0.447082, 0
-0.447092, 0.00148189, -0.894487, 1
-0.00334117, 0.999989, 0.0033267, 2
0.982733, 0.0019318, 0.185019, 0
0.185017, 0.00101735, -0.982735, 1
-0.00208667, 0.999998, 0.000642364, 2
0.90702, 8.52368e-05, -0.421087, 0
-0.421087, 0.000543392, -0.90702, 1
0.000151504, 1, 0.00052876, 2
0.851809, 1.14462e-05, 0.523852, 0
0.523852, 5.83985e-05, -0.851809, 1
-4.03421e-05, 1, 4.37482e-05, 2
0.866416, 0.00304961, 0.499314, 0
0.499304, 0.0035101, -0.86642, 1
-0.00439488, 0.999989, 0.00151852, 2
0.826434, -0.00034407, -0.563033, 0
-0.563033, -0.000825278, -0.826434, 1
-0.000180307, 1, -0.000875761, 2
0.954651, 0.00132044, -0.297725, 0
-0.297726, 0.00102314, -0.954651, 1
-0.000955941, 0.999999, 0.00136987, 2
0.986704, -0.00235761, -0.162512, 0
-0.162514, -0.000683702, -0.986706, 1
0.00221516, 0.999997, -0.00105776, 2
0.662592, 0.000154179, -0.74898, 0
-0.748978, 0.00236381, -0.66259, 1
0.00166829, 0.999997, 0.00168172, 2
0.991996, -0.000299101, 0.126271, 0
0.126271, -3.83463e-05, -0.991996, 1
0.000301549, 1, -2.71637e-07, 2
0.988216, 0.0024863, -0.153049, 0
-0.153053, 0.00172851, -0.988216, 1
-0.00219245, 0.999995, 0.00208867, 2
0.666423, 0.00250353, -0.74557, 0
-0.745572, -2.87172e-05, -0.666425, 1
-0.00168983, 0.999997, 0.00184743, 2
0.70002, 0.000372018, 0.714123, 0
0.714123, 4.234e-06, -0.70002, 1
-0.000263444, 1, -0.000262703, 2
0.988752, 0.000987772, 0.149563, 0
0.149563, -0.000475719, -0.988752, 1
-0.000905512, 0.999999, -0.000618102, 2
0.73688, -0.00386937, 0.676012, 0
0.676, -0.00414644, -0.73689, 1
0.00565435, 0.999984, -0.000439737, 2
0.988293, -0.00187635, -0.152558, 0
-0.152555, 0.00158726, -0.988294, 1
0.00209653, 0.999997, 0.00128243, 2
0.877973, -0.00126153, -0.478709, 0
-0.47871, -7.1016e-05, -0.877973, 1
0.00107359, 0.999999, -0.000666257, 2
0.412303, 0.000277883, -0.911047, 0
-0.911047, 3.7367e-05, -0.412303, 1
-8.0529e-05, 1, 0.000268571, 2
0.382783, 0.00257154, -0.923835, 0
-0.923837, 0.00265492, -0.382777, 1
0.00146838, 0.999993, 0.00339195, 2
0.471805, -0.000488024, 0.881703, 0
0.881703, 0.000182439, -0.471805, 1
6.93955e-05, 1, 0.000516367, 2
0.992559, 0.000763169, 0.121758, 0
0.121759, -0.000870508, -0.992559, 1
-0.000651499, 0.999999, -0.000956953, 2
0.386371, 0.000617575, 0.922343, 0
0.922343, -0.000403176, -0.386371, 1
0.000133253, 1, -0.000725392, 2
0.878338, 0.00090268, -0.478039, 0
-0.47804, 0.00177505, -0.878336, 1
5.56847e-05, 0.999998, 0.00199061, 2
0.89746, 0.00065211, 0.441096, 0
0.441096, 0.000259112, -0.89746, 1
-0.000699536, 1, -5.50999e-05, 2
0.905403, 0.000175465, -0.424552, 0
-0.424552, 0.000345765, -0.905403, 1
-1.20709e-05, 1, 0.000387551, 2
0.608258, 0.000122816, -0.793739, 0
-0.793736, 0.00284586, -0.608256, 1
0.00218416, 0.999996, 0.0018285, 2
0.827917, -0.000185948, 0.560851, 0
0.560851, 0.000362295, -0.827917, 1
-4.92443e-05, 1, 0.00040424, 2
0.483292, 0.000736944, 0.875459, 0
0.875459, 4.38677e-05, -0.483292, 1
-0.000394564, 1, -0.000623964, 2
0.73946, -0.00167762, 0.673198, 0
0.673199, 7.91951e-05, -0.739461, 1
0.00118722, 0.999999, 0.00118793, 2
0.696703, 0.000117272, 0.717359, 0
0.717359, 5.57654e-06, -0.696703, 1
-8.5704e-05, 1, -8.02408e-05, 2
0.675748, 0.00371493, -0.737123, 0
-0.737128, 2.01865e-05, -0.675753, 1
-0.0024955, 0.999993, 0.00275202, 2
0.681263, 5.50247e-05, -0.732039, 0
-0.732039, -6.92503e-07, -0.681263, 1
-3.79932e-05, 1, 3.98084e-05, 2
0.617109, -0.000575473, -0.786877, 0
-0.786877, -0.0014137, -0.617108, 1
-0.000757278, 0.999999, -0.00132523, 2
0.955639, 0.000125, 0.29454, 0
0.29454, 0.000360974, -0.955639, 1
-0.000225776, 1, 0.000308143, 2
0.929101, 0.00217049, -0.369821, 0
-0.369819, -0.00115374, -0.929103, 1
-0.00244329, 0.999997, -0.000269257, 2
0.473464, -0.00106575, 0.880813, 0
0.880813, 0.000162044, -0.473464, 1
0.000361865, 0.999999, 0.00101545, 2
0.771611, -0.00167886, -0.636093, 0
-0.636086, 0.00342158, -0.771611, 1
0.00347187, 0.999993, 0.00157223, 2
0.893256, 0.000738066, 0.449549, 0
0.449547, 0.00184076, -0.893255, 1
-0.00148679, 0.999998, 0.00131247, 2
0.603603, 0.000475712, 0.797285, 0
0.797284, 0.00133061, -0.603603, 1
-0.00134802, 0.999999, 0.000423885, 2
0.890929, -0.00366063, -0.454128, 0
-0.454122, 0.00247091, -0.890936, 1
0.0043835, 0.99999, 0.000539031, 2
0.95297, -0.00204612, -0.303058, 0
-0.30306, -0.00105647, -0.952971, 1
0.00162973, 0.999997, -0.00162688, 2
0.264862, -0.001115, -0.964286, 0
-0.964282, 0.00264125, -0.264865, 1
0.00284225, 0.999996, -0.000375602, 2
0.584498, 0.000283682, 0.811395, 0
0.811395, 0.000488141, -0.584498, 1
-0.000561887, 1, 5.51395e-05, 2
0.964529, 0.000517791, 0.263976, 0
0.263976, 0.000284839, -0.964529, 1
-0.000574615, 1, 0.000138051, 2
0.438469, -0.000746198, 0.898746, 0
0.898742, 0.00365921, -0.438463, 1
-0.00296152, 0.999993, 0.00227509, 2
0.891501, -0.00155103, -0.453015, 0
-0.453016, -0.000486026, -0.891502, 1
0.00116257, 0.999999, -0.00113594, 2
0.981288, 0.00168875, 0.192541, 0
0.192538, 0.00175311, -0.981288, 1
-0.0019947, 0.999997, 0.00139516, 2
0.956058, -0.000281943, -0.293178, 0
-0.293178, -0.000515318, -0.956058, 1
0.000118474, 1, -0.000575333, 2
0.838975, 0.000953578, -0.544169, 0
-0.54417, 0.00022501, -0.838975, 1
-0.000677585, 1, 0.000707686, 2
0.85447, 0.000187747, 0.5195, 0
0.5195, 0.000759928, -0.85447, 1
-0.000555207, 1, 0.000551801, 2
0.959594, -0.00308753, 0.281372, 0
0.281379, 0.00201981, -0.959595, 1
0.00239446, 0.999993, 0.00280696, 2
0.962066, 0.000480925, -0.272817, 0
-0.272817, 0.000347678, -0.962066, 1
-0.000367829, 1, 0.000465694, 2
0.859915, 0.000107219, -0.510437, 0
-0.510437, -0.000475894, -0.859915, 1
-0.000335113, 1, -0.0003545, 2
0.962736, -0.000100477, 0.270442, 0
0.270442, 0.000310438, -0.962736, 1
1.27775e-05, 1, 0.000326043, 2
0.901421, -9.3638e-06, -0.432943, 0
-0.432942, -0.00230048, -0.901419, 1
-0.000987535, 0.999997, -0.00207775, 2
0.907759, 0.000111296, 0.419493, 0
0.419493, 0.000323573, -0.907759, 1
-0.000236767, 1, 0.000247038, 2
0.719632, 0.000353211, -0.694355, 0
-0.694355, 8.34467e-06, -0.719632, 1
-0.000248388, 1, 0.000251259, 2
0.485154, -0.000108182, -0.874429, 0
-0.874429, 0.000161312, -0.485154, 1
0.000193541, 1, -1.63361e-05, 2
0.576817, 0.000382243, 0.816874, 0
0.816874, 7.1717e-05, -0.576817, 1
-0.000279068, 1, -0.000270876, 2
0.715273, -0.0013765, 0.698843, 0
0.698842, -0.00140445, -0.715275, 1
0.00196606, 0.999998, -4.26084e-05, 2
0.723079, 0.00230953, 0.690761, 0
0.690757, 0.00245085, -0.723083, 1
-0.00336294, 0.999994, 0.000176833, 2
0.487261, -0.000409157, 0.873256, 0
0.873255, -0.00163099, -0.487261, 1
0.00162363, 0.999999, -0.000437419, 2
0.364493, 0.000841463, -0.931206, 0
-0.931197, 0.00477731, -0.364485, 1
0.00414195, 0.999988, 0.00252486, 2
0.647663, 1.60534e-07, -0.761927, 0
-0.761927, 5.63376e-07, -0.647663, 1
3.2528e-07, 1, 4.87193e-07, 2
0.993359, -0.000708364, -0.115052, 0
-0.115051, 0.00138045, -0.993359, 1
0.000862483, 0.999999, 0.00128979, 2
0.73484, -0.000475678, 0.678241, 0
0.678241, 1.8683e-05, -0.73484, 1
0.000336876, 1, 0.000336353, 2
0.749369, 0.00014015, -0.662153, 0
-0.662152, -0.000769718, -0.749369, 1
-0.000614695, 1, -0.000484002, 2
0.999779, 0.00413475, -0.0206104, 0
-0.0206094, -0.000300098, -0.999788, 1
-0.00414006, 0.999991, -0.000214817, 2
0.637755, -6.42418e-05, 0.77024, 0
0.77024, 0.000510796, -0.637755, 1
-0.000352465, 1, 0.000375244, 2
0.677192, 1.89778e-05, -0.735806, 0
-0.735806, 1.87185e-07, -0.677192, 1
-1.27139e-05, 1, 1.40908e-05, 2
0.989548, -0.000552181, 0.1442, 0
0.1442, 0.00066403, -0.989548, 1
0.000450656, 1, 0.000736714, 2
0.996762, 0.00175137, -0.08039, 0
-0.0803905, 0.000220549, -0.996763, 1
-0.00172797, 0.999998, 0.000360629, 2
0.600933, -0.000470825, 0.799299, 0
0.799298, -0.00156375, -0.600933, 1
0.00153284, 0.999999, -0.000563379, 2
0.51606, -0.000230359, -0.856553, 0
-0.856553, 0.000101085, -0.51606, 1
0.000205463, 1, -0.000145149, 2
0.794553, 0.0003696, 0.607194, 0
0.607194, 4.97638e-05, -0.794553, 1
-0.000323883, 1, -0.000184879, 2
0.846383, -0.000629866, -0.532575, 0
-0.532573, 0.0014529, -0.846383, 1
0.00130689, 0.999999, 0.000894263, 2
0.0309094, 0.000394732, 0.999522, 0
0.999522, -1.9701e-05, -0.0309094, 1
7.49071e-06, 1, -0.000395153, 2
0.0975543, -0.00243795, -0.995227, 0
-0.995229, 0.00138943, -0.0975579, 1
0.00162064, 0.999996, -0.00229077, 2
0.931642, 0.000314573, 0.363378, 0
0.363377, 0.000595026, -0.931642, 1
-0.000509288, 1, 0.000440042, 2
0.891837, 0.000637237, 0.452357, 0
0.452354, 0.00296074, -0.891834, 1
-0.00190762, 0.999995, 0.00235224, 2
0.505005, -0.00070608, 0.863116, 0
0.863116, 0.00143369, -0.505004, 1
-0.000880867, 0.999999, 0.00133345, 2
0.459905, 0.000234502, -0.887968, 0
-0.887968, 0.000102921, -0.459905, 1
-1.64585e-05, 1, 0.000255564, 2
0.858286, -0.000349478, -0.513172, 0
-0.513171, 0.000932597, -0.858286, 1
0.000778534, 1, 0.000621092, 2
0.951626, 0.000144066, 0.30726, 0
0.307259, 0.000553183, -0.951626, 1
-0.000307068, 1, 0.000482158, 2
0.921004, 0.000554501, -0.389552, 0
-0.389553, 0.000189995, -0.921004, 1
-0.000436685, 1, 0.000390994, 2
0.820415, 0.000262456, -0.571768, 0
-0.571768, 0.000600519, -0.820415, 1
0.000128035, 1, 0.000642739, 2
0.981436, -0.00104358, -0.191786, 0
-0.191785, 0.00142628, -0.981436, 1
0.00129775, 0.999998, 0.00119966, 2
0.273542, 0.000544024, -0.96186, 0
-0.96186, 0.000390129, -0.273542, 1
0.000226436, 1, 0.000629991, 2
0.912581, -0.00146743, 0.408894, 0
0.408895, -0.000134757, -0.912582, 1
0.00139425, 0.999999, 0.000477049, 2
0.575811, -0.000100402, 0.817583, 0
0.817583, 0.000504773, -0.575811, 1
-0.000354881, 1, 0.000372741, 2
0.954408, -0.00140818, -0.298501, 0
-0.298504, -0.0028119, -0.954404, 1
0.00050462, 0.999995, -0.00310405, 2
0.920988, -0.000928977, 0.38959, 0
0.389588, -0.00206701, -0.920987, 1
0.00166086, 0.999997, -0.00154177, 2
0.795316, 0.000334212, 0.606195, 0
0.606195, 1.71343e-05, -0.795316, 1
-0.000276191, 1, -0.00018897, 2
0.358105, 0.000383477, -0.933681, 0
-0.933681, -0.000227753, -0.358106, 1
-0.000349974, 1, 0.000276486, 2
0.891817, 0.00140174, 0.452394, 0
0.452389, 0.00270969, -0.891817, 1
-0.00247594, 0.999995, 0.00178242, 2
0.863362, 0.00235068, -0.50458, 0
-0.504583, 0.000868394, -0.863363, 1
-0.00159131, 0.999997, 0.00193585, 2
0.598376, -0.00288692, 0.80121, 0
0.801213, 0.00444479, -0.598363, 1
-0.00183378, 0.999986, 0.0049727, 2
0.570059, -0.000292269, -0.821604, 0
-0.821604, 0.000592512, -0.570059, 1
0.00065342, 1, 9.76372e-05, 2
0.936821, -0.000956733, 0.349807, 0
0.349804, -0.00208823, -0.93682, 1
0.00162676, 0.999997, -0.00162163, 2
0.0658456, -0.00031879, -0.99783, 0
-0.99783, 0.000553009, -0.0658457, 1
0.000572799, 1, -0.000281684, 2
0.996058, -0.00021923, 0.0886987, 0
0.0886989, 0.00115134, -0.996058, 1
0.000116244, 0.999999, 0.00116625, 2
0.999235, 0.0014231, 0.0390828, 0
0.0390799, 0.00204749, -0.999234, 1
-0.00150203, 0.999997, 0.00199031, 2
0.815887, -3.8985e-05, -0.578212, 0
-0.578212, 0.000672473, -0.815887, 1
0.000420639, 1, 0.00052612, 2
0.863159, -3.69637e-05, -0.504933, 0
-0.504933, -0.000534446, -0.863159, 1
-0.000237954, 1, -0.000479976, 2
0.863682, 0.00120763, 0.504036, 0
0.504037, -0.000979678, -0.863681, 1
-0.000549216, 0.999999, -0.00145482, 2
0.956869, -3.81445e-05, 0.290518, 0
0.290518, 0.000375938, -0.956869, 1
-7.27177e-05, 1, 0.000370806, 2
0.953322, -0.000869699, -0.301956, 0
-0.301954, 0.00144774, -0.953321, 1
0.00126626, 0.999999, 0.00111755, 2
0.876648, -0.000458402, 0.481133, 0
0.481132, -0.000411659, -0.876648, 1
0.000599919, 1, -0.000140328, 2
0.988039, -0.0010435, -0.154203, 0
-0.154198, 0.00357492, -0.988033, 1
0.00158227, 0.999993, 0.00337125, 2
0.542112, -0.000564914, -0.840306, 0
-0.840306, 0.000142674, -0.542112, 1
0.000426136, 1, -0.000397356, 2
0.135558, -0.000459225, 0.990769, 0
0.990769, -3.19585e-06, -0.135558, 1
6.54178e-05, 1, 0.000454553, 2
0.57034, 0.000418303, 0.821409, 0
0.821409, -0.000479965, -0.57034, 1
0.000155673, 1, -0.000617341, 2
0.862722, 0.000220944, 0.505679, 0
0.505678, 0.000630633, -0.862722, 1
-0.00050951, 1, 0.000432334, 2
0.999702, -0.00378597, 0.0241076, 0
0.0244018, 0.164894, -0.986009, 1
-0.000242186, 0.986304, 0.164937, 2
0.99997, 0.00106162, 0.00770756, 0
0.00777593, -0.16967, -0.98547, 1
0.000261547, 0.9855, -0.169673, 2
0.999999, 0.000494259, 0.00112709, 0
0.00119565, -0.173163, -0.984892, 1
-0.000291622, 0.984893, -0.173163, 2
1, -0.000400304, -0.000396655, 0
-0.000321994, 0.171781, -0.985135, 1
0.000462491, 0.985135, 0.171781, 2
0.999829, -0.00344423, -0.0181638, 0
-0.0184851, -0.170638, -0.98516, 1
0.000293688, 0.985328, -0.170672, 2
1, -0.000365846, -0.000654898, 0
-0.000594098, 0.146797, -0.989166, 1
0.00045802, 0.989167, 0.146797, 2
0.99997, -0.00166195, -0.00751074, 0
-0.00768254, -0.166309, -0.986044, 1
0.000389654, 0.986072, -0.166317, 2
0.999975, 0.00136042, -0.00688262, 0
-0.00701394, 0.171372, -0.985181, 1
-0.000160766, 0.985205, 0.171378, 2
1, 0.000516055, -0.000371872, 0
-0.000455827, 0.173632, -0.984811, 1
-0.000443647, 0.98481, 0.173632, 2
0.999969, 0.00140713, 0.00770711, 0
0.00783334, -0.16256, -0.986668, 1
-0.000135504, 0.986698, -0.162566, 2
0.999999, 0.000697851, 0.0012953, 0
0.0013961, -0.172157, -0.985068, 1
-0.000464435, 0.985069, -0.172158, 2
1, 7.50494e-05, 0.000333334, 0
0.000315131, 0.174445, -0.984667, 1
-0.000132047, 0.984667, 0.174445, 2
0.999999, -9.10112e-06, 0.00106739, 0
0.00104991, -0.172016, -0.985094, 1
0.000192574, 0.985094, -0.172016, 2
1, -5.70285e-05, -0.000306938, 0
-0.000312169, -0.170951, -0.985279, 1
3.71754e-06, 0.985279, -0.170951, 2
1, -0.000428217, -0.000284043, 0
-0.000205847, 0.172648, -0.984984, 1
0.000470826, 0.984984, 0.172648, 2
0.999999, 0.0013992, 0.00061271, 0
0.000368983, 0.167969, -0.985792, 1
-0.00148224, 0.985791, 0.167968, 2
0.999997, -0.00232877, -0.000246686, 0
0.000160279, 0.173155, -0.984895, 1
0.0023363, 0.984892, 0.173155, 2
0.999996, -0.000873315, 0.00279329, 0
0.00290194, 0.172162, -0.985064, 1
0.000379371, 0.985068, 0.172164, 2
0.999956, -0.00138197, -0.00930796, 0
-0.0094073, -0.170492, -0.985314, 1
-0.000225256, 0.985358, -0.170498, 2
0.99999, -0.000381387, 0.00443379, 0
0.00443355, 0.17138, -0.985195, 1
-0.000384121, 0.985205, 0.17138, 2
0.999955, 0.0013847, 0.0093363, 0
0.00943567, -0.170577, -0.985299, 1
0.000228213, 0.985343, -0.170582, 2
0.999889, -0.00286745, -0.0145899, 0
-0.0148656, -0.171621, -0.985051, 1
0.000320651, 0.985159, -0.171645, 2
0.999898, 0.00233598, 0.0140924, 0
0.014284, -0.173086, -0.984803, 1
0.00013871, 0.984904, -0.173102, 2
0.999999, -0.000357102, 0.00116554, 0
0.00120912, 0.168971, -0.98562, 1
0.000155025, 0.985621, 0.168971, 2
0.999872, -0.0155027, -0.00406267, 0
0.00410545, 0.492816, -0.870124, 1
0.0154914, 0.869996, 0.492816, 2
0.999301, 0.0151078, -0.0341994, 0
-0.0370962, 0.514656, -0.856594, 1
0.0046597, 0.857264, 0.514857, 2
0.999954, 0.00905032, -0.0032911, 0
-0.00754483, 0.523876, -0.851761, 1
-0.00598459, 0.851746, 0.52392, 2
0.999047, -0.0167919, 0.0402833, 0
0.0433228, 0.493171, -0.868853, 1
-0.00527688, 0.86977, 0.493428, 2
0.999428, 0.0120342, 0.0316115, 0
0.0333986, -0.498967, -0.865977, 1
0.00535177, 0.866538, -0.499083, 2
0.998702, -0.0261463, -0.0437217, 0
-0.0509404, -0.503472, -0.862508, 1
0.000538704, 0.863616, -0.504151, 2
0.996138, -0.057537, -0.0663197, 0
-0.086329, -0.504171, -0.859278, 1
0.0160038, 0.861685, -0.507191, 2
0.99999, 0.00256463, 0.00361528, 0
0.00441049, -0.494412, -0.869216, 1
-0.000441776, 0.869224, -0.494419, 2
1, -4.79991e-05, -0.000198291, 0
-0.000186948, 0.173597, -0.984817, 1
8.1693e-05, 0.984817, 0.173597, 2
0.999999, -0.000230176, -0.00131284, 0
-0.00125596, 0.166994, -0.985957, 1
0.000446179, 0.985958, 0.166993, 2
0.999968, -0.0019567, -0.0076987, 0
-0.00791777, -0.167631, -0.985818, 1
0.000638412, 0.985848, -0.167641, 2
1, -0.000517267, -0.000316915, 0
-0.0004017, -0.173166, -0.984892, 1
0.000454574, 0.984892, -0.173167, 2
0.999999, -0.000258546, 0.000998879, 0
0.000939112, -0.172948, -0.984931, 1
0.000427404, 0.984931, -0.172947, 2
1, 0.000435523, 0.000302787, 0
0.000240406, 0.136706, -0.990612, 1
-0.000472827, 0.990612, 0.136706, 2
0.999983, -0.00117693, 0.00565458, 0
0.00577254, 0.170921, -0.985268, 1
0.000193105, 0.985284, 0.170925, 2
0.999975, 0.000931155, 0.00701212, 0
0.0070684, -0.169835, -0.985447, 1
0.000273297, 0.985472, -0.169837, 2
0.99984, -0.0090063, 0.0154762, 0
0.017906, 0.501737, -0.864835, 1
2.40018e-05, 0.864974, 0.501817, 2
0.999966, 0.00378596, -0.00738088, 0
-0.00828509, 0.499813, -0.866094, 1
0.000410068, 0.866125, 0.499827, 2
0.999989, 0.00222598, -0.00400968, 0
-0.00458558, 0.498747, -0.866735, 1
7.04769e-05, 0.866745, 0.498752, 2
0.999899, -0.0067903, 0.0125042, 0
0.0142246, 0.498786, -0.866608, 1
-0.000352403, 0.866699, 0.498832, 2
0.999895, 0.00710175, 0.0126003, 0
0.0144638, -0.493313, -0.869731, 1
3.92941e-05, 0.869823, -0.493364, 2
0.999992, 0.00167264, 0.00361227, 0
0.00396456, -0.500199, -0.865902, 1
0.000358511, 0.865909, -0.500201, 2
0.999998, -0.00147392, -0.0016723, 0
-0.00218442, -0.498435, -0.866924, 1
0.000444248, 0.866926, -0.498437, 2
0.999844, -0.00906536, -0.0151537, 0
-0.0176555, -0.497944, -0.867029, 1
0.000314245, 0.867162, -0.498026, 2
0.997304, 0.0729423, 0.00795142, 0
0.0602601, -0.752403, -0.655941, 1
-0.0418632, 0.654652, -0.75477, 2
0.99956, -0.0265767, 0.0131454, 0
-0.0112993, -0.751336, -0.659823, 1
0.0274126, 0.659385, -0.751306, 2
0.998903, -0.0393514, 0.0253983, 0
-0.013415, -0.759951, -0.649842, 1
0.0448736, 0.648788, -0.759645, 2
0.999881, 0.0026739, -0.0151736, 0
-0.0154071, 0.167992, -0.985668, 1
-8.65421e-05, 0.985785, 0.168013, 2
0.999957, -0.00179863, 0.0091224, 0
0.00929666, 0.17663, -0.984233, 1
0.000158983, 0.984276, 0.176639, 2
0.999885, 0.00243404, 0.0149615, 0
0.0151579, -0.166608, -0.985907, 1
9.2961e-05, 0.98602, -0.166625, 2
0.999884, 0.00222557, 0.0150894, 0
0.0152464, -0.174165, -0.984599, 1
0.000436744, 0.984714, -0.174178, 2
0.999925, -0.00168056, 0.0121388, 0
0.012249, 0.166932, -0.985892, 1
-0.00036949, 0.985967, 0.16694, 2
0.999981, -0.000422216, -0.0061864, 0
-0.00616732, -0.171248, -0.985209, 1
-0.000643437, 0.985228, -0.171247, 2
0.999783, -0.00386267, -0.0204917, 0
-0.0208508, -0.172108, -0.984857, 1
0.000277393, 0.985071, -0.172151, 2
0.999971, 0.00161371, -0.00746796, 0
-0.0076355, 0.176328, -0.984302, 1
-0.00027157, 0.98433, 0.176335, 2
0.999175, 0.0199953, -0.0353487, 0
-0.0406117, 0.495694, -0.867547, 1
0.000175274, 0.868267, 0.496097, 2
0.999934, 0.00583115, -0.0098655, 0
-0.0114586, 0.495492, -0.868537, 1
-0.000176288, 0.868593, 0.495527, 2
0.999925, 0.00644037, 0.0104575, 0
0.0122795, -0.508588, -0.860922, 1
-0.000226115, 0.860986, -0.508629, 2
0.99991, -0.00675112, 0.0115776, 0
0.0134013, 0.493945, -0.86939, 1
0.000150655, 0.869467, 0.493991, 2
0.998317, -0.02856, -0.0504702, 0
-0.0579907, -0.490885, -0.869292, 1
5.18845e-05, 0.870756, -0.491716, 2
0.999986, -0.00254557, -0.00453556, 0
-0.0052001, -0.506297, -0.862344, 1
-0.000101182, 0.862355, -0.506303, 2
0.99988, 0.00746188, 0.0135591, 0
0.0154768, -0.482737, -0.875629, 1
1.16596e-05, 0.875734, -0.482794, 2
0.999679, 0.0151207, -0.0203235, 0
-0.0252365, 0.525109, -0.850661, 1
-0.00219055, 0.8509, 0.525322, 2
0.999354, 0.0180379, -0.0310859, 0
-0.0359385, 0.510036, -0.859402, 1
0.000353085, 0.859964, 0.510355, 2
0.999984, -0.00308343, 0.00470651, 0
0.00561813, 0.501238, -0.865291, 1
0.000308986, 0.865304, 0.501247, 2
0.999828, -0.00949463, -0.0159412, 0
-0.0185519, -0.496948, -0.867582, 1
0.000315396, 0.867728, -0.497039, 2
0.999996, 0.00173177, 0.00211759, 0
0.00269894, -0.498367, -0.866962, 1
-0.000446038, 0.866964, -0.49837, 2
0.999048, 0.0220979, 0.0376123, 0
0.0436232, -0.503034, -0.863165, 1
-0.000153838, 0.863984, -0.503519, 2
0.99975, 0.0112264, 0.0193328, 0
0.0223559, -0.498967, -0.866333, 1
-7.93397e-05, 0.866548, -0.499093, 2
0.94487, -0.279365, -0.170807, 0
-0.322624, -0.705085, -0.631481, 1
0.0559799, 0.651774, -0.756344, 2
0.981586, -0.180093, -0.063683, 0
-0.172372, -0.691411, -0.701597, 1
0.0823214, 0.699655, -0.709723, 2
0.962762, 0.217134, 0.161066, 0
0.261324, -0.594778, -0.760229, 1
-0.069273, 0.77401, -0.629372, 2
0.934739, 0.301242, 0.188458, 0
0.352572, -0.720272, -0.597412, 1
-0.0442245, 0.62487, -0.779476, 2
0.881279, -0.246585, 0.403167, 0
0.472597, 0.460195, -0.751581, 1
-0.000206631, 0.852887, 0.522095, 2
0.999967, 0.00603483, 0.00545848, 0
0.00813252, -0.763958, -0.645215, 1
0.000276288, 0.645238, -0.763982, 2
0.999998, 0.0016681, 0.00147007, 0
0.00222261, -0.767932, -0.640528, 1
6.04484e-05, 0.64053, -0.767933, 2
0.999947, -0.007636, -0.00688485, 0
-0.0102763, -0.763677, -0.645517, 1
-0.000328635, 0.645554, -0.763715, 2
0.999879, 0.0118876, 0.0100105, 0
0.0155406, -0.76985, -0.638036, 1
0.000121886, 0.638114, -0.769942, 2
0.999401, 0.0253514, -0.0235545, 0
-0.0345887, 0.752715, -0.657437, 1
0.0010629, 0.657858, 0.753141, 2
0.999959, -0.00234466, 0.00871367, 0
0.00753113, 0.748782, -0.662773, 1
-0.00497066, 0.662812, 0.748769, 2
0.999638, 0.000986256, -0.026875, 0
-0.0267024, 0.155195, -0.987523, 1
0.00319691, 0.987883, 0.155165, 2
0.999934, 0.00151964, -0.0113954, 0
-0.0114888, 0.167873, -0.985742, 1
0.000415013, 0.985807, 0.16788, 2
0.999942, -0.00197904, 0.0105668, 0
0.0107491, 0.168224, -0.98569, 1
0.000173133, 0.985747, 0.168236, 2
0.999935, 0.00236784, 0.0111532, 0
0.0113961, -0.176516, -0.984232, 1
-0.000361784, 0.984295, -0.176531, 2
1, 0.000764731, -0.000459421, 0
-0.00032109, -0.171942, -0.985107, 1
-0.000832336, 0.985107, -0.171942, 2
0.999973, 0.00165991, 0.00708899, 0
0.00727018, -0.175257, -0.984496, 1
-0.000391772, 0.984521, -0.175265, 2
0.999983, -0.00189305, -0.00549189, 0
-0.0057382, -0.174744, -0.984597, 1
0.000904212, 0.984612, -0.174752, 2
0.999613, -0.0041711, 0.0274926, 0
0.027806, 0.159343, -0.986832, 1
-0.000264602, 0.987214, 0.159398, 2
0.999609, -0.0132792, -0.0246228, 0
-0.0279716, -0.488805, -0.871944, 1
-0.000456989, 0.872292, -0.488985, 2
0.999472, 0.0160561, 0.0282404, 0
0.0324848, -0.487599, -0.872463, 1
-0.000238391, 0.87292, -0.487863, 2
0.997597, 0.0517742, 0.046042, 0
0.0692592, -0.76336, -0.642249, 1
0.00189474, 0.643895, -0.765112, 2
0.99255, -0.0932887, -0.0783752, 0
-0.121789, -0.740575, -0.660846, 1
0.00360674, 0.665467, -0.746418, 2
0.995815, 0.0472853, 0.0782066, 0
0.0913888, -0.519943, -0.849298, 1
0.000503722, 0.852891, -0.522089, 2
0.999536, 0.0131765, 0.0274654, 0
0.0304616, -0.425049, -0.904657, 1
-0.000246057, 0.905074, -0.425253, 2
0.999893, 0.00724118, 0.0127383, 0
0.014652, -0.501794, -0.864863, 1
0.000129377, 0.864957, -0.501847, 2
0.999965, 0.00351407, -0.00763469, 0
-0.0083703, 0.498365, -0.866927, 1
0.000758418, 0.86696, 0.498377, 2
0.979304, 0.121852, -0.161606, 0
-0.202372, 0.577088, -0.791211, 1
-0.00314973, 0.80754, 0.589804, 2
0.999949, -0.00515806, 0.0086337, 0
0.0100551, 0.495345, -0.868638, 1
0.000203824, 0.868681, 0.495372, 2
0.999972, -0.00382388, -0.00639808, 0
-0.0074528, -0.499671, -0.866183, 1
0.000115248, 0.866207, -0.499686, 2
0.999991, -0.0030296, 0.00312189, 0
0.00432852, 0.764581, -0.644514, 1
-0.00043432, 0.644521, 0.764586, 2
0.999997, 0.00170842, 0.00188942, 0
0.00252229, -0.767741, -0.640755, 1
0.000355904, 0.640758, -0.767743, 2
0.99985, -0.0132233, -0.011189, 0
-0.0173219, -0.764861, -0.643962, 1
-4.26965e-05, 0.64406, -0.764975, 2
0.999998, 0.00193074, -0.00108332, 0
-0.00217752, 0.769433, -0.638724, 1
-0.000399665, 0.638725, 0.769435, 2
0.999954, -0.00718195, -0.00641203, 0
-0.00962521, -0.761177, -0.648473, 1
-0.000223392, 0.648504, -0.761211, 2
1, -0.000849691, -0.000227255, 0
-0.000798462, -0.768612, -0.639714, 1
0.000368889, 0.639714, -0.768613, 2
0.972552, 0.0335615, -0.230253, 0
-0.23268, 0.147309, -0.961333, 1
0.00165444, 0.988521, 0.151074, 2
0.99943, -0.00833649, -0.0327121, 0
-0.0336724, -0.177383, -0.983566, 1
0.00239691, 0.984107, -0.177563, 2
0.970721, -0.0357619, 0.237532, 0
0.240209, 0.144403, -0.959921, 1
2.83836e-05, 0.988873, 0.148765, 2
0.999327, 0.00670283, 0.0360663, 0
0.0366832, -0.176752, -0.983572, 1
-0.000217912, 0.984233, -0.176879, 2
0.999597, -0.0219108, 0.0180407, 0
0.0283811, 0.777169, -0.628652, 1
-0.000246465, 0.62891, 0.777478, 2
0.999518, 0.0238827, -0.019812, 0
-0.0310296, 0.774403, -0.631931, 1
0.000250273, 0.632242, 0.774771, 2
0.999999, -0.000682769, -0.00108507, 0
-0.00121576, -0.773617, -0.633652, 1
-0.000406792, 0.633653, -0.773617, 2
0.999999, -0.00139323, -0.000553014, 0
-0.00143045, -0.776705, -0.629863, 1
0.000448014, 0.629863, -0.776706, 2
0.996804, 0.079457, 0.008242, 0
0.0665218, -0.768521, -0.636357, 1
-0.0442289, 0.634872, -0.77135, 2
0.937187, 0.259904, -0.232659, 0
-0.348827, 0.698378, -0.624971, 1
5.17638e-05, 0.666872, 0.745172, 2
0.874285, -0.371235, 0.312747, 0
0.484532, 0.70623, -0.516206, 1
-0.0292374, 0.602847, 0.797321, 2
0.983911, -0.140592, -0.110243, 0
-0.17866, -0.773137, -0.608555, 1
0.000324805, 0.61846, -0.785816, 2
0.962968, 0.215732, 0.161715, 0
0.269615, -0.771158, -0.576735, 1
0.000287476, 0.598979, -0.800765, 2
0.999406, -0.0165235, -0.0302456, 0
-0.034464, -0.473111, -0.880329, 1
0.000236616, 0.880848, -0.473399, 2
0.993316, 0.0508651, 0.103619, 0
0.11543, -0.44075, -0.890177, 1
0.000391024, 0.896188, -0.443675, 2
0.994687, -0.0460876, -0.09205, 0
-0.10294, -0.452363, -0.885873, 1
-0.00081227, 0.890642, -0.454704, 2
0.999983, -0.0047298, -0.00347111, 0
-0.00585104, -0.760648, -0.649138, 1
0.000430005, 0.649147, -0.760662, 2
1, -4.26619e-05, 0.000453164, 0
0.000257677, -0.767638, -0.640883, 1
0.000375208, 0.640883, -0.767638, 2
0.999995, -0.0026708, -0.00166918, 0
-0.00311681, -0.763041, -0.646343, 1
0.0004526, 0.646345, -0.763045, 2
0.999998, -0.00124394, 0.0015014, 0
0.00191799, 0.766045, -0.642784, 1
-0.000350553, 0.642786, 0.766046, 2
1, -0.000401914, 0.000269596, 0
-0.00013655, -0.768748, -0.639551, 1
0.000464297, 0.639551, -0.768748, 2
0.999998, 0.00168413, -0.00087553, 0
-0.0018534, 0.766821, -0.641858, 1
-0.000409599, 0.641858, 0.766823, 2
0.995979, -0.0134837, -0.0885707, 0
-0.0895865, -0.139811, -0.986117, 1
0.000913347, 0.990086, -0.140457, 2
0.990535, 0.0255725, -0.134854, 0
-0.137258, 0.184432, -0.973214, 1
-1.61744e-05, 0.982513, 0.186196, 2
0.997162, 0.0140837, 0.07396, 0
0.0752569, -0.157765, -0.984605, 1
-0.00219863, 0.987376, -0.158377, 2
0.99987, -0.0150462, -0.00571042, 0
-0.0160933, -0.936375, -0.350633, 1
-7.1392e-05, 0.350679, -0.936496, 2
0.999064, 0.0401303, 0.0161735, 0
0.0432492, -0.936942, -0.346798, 1
0.00123651, 0.347172, -0.937801, 2
0.998109, 0.0576902, 0.0212273, 0
0.0614705, -0.934599, -0.350351, 1
-0.000372796, 0.350993, -0.936378, 2
0.998042, -0.0586555, -0.0217269, 0
-0.06255, -0.935268, -0.34837, 1
0.000113353, 0.349047, -0.937105, 2
0.996939, 0.0602924, -0.0497793, 0
-0.0781865, 0.770073, -0.633147, 1
0.000159739, 0.635101, 0.772429, 2
0.999456, -0.0232061, 0.0234541, 0
0.0328377, 0.768785, -0.638664, 1
-0.0032102, 0.639086, 0.769128, 2
0.999914, -0.0102551, -0.00816692, 0
-0.0131045, -0.764282, -0.644748, 1
0.000370105, 0.6448, -0.764351, 2
0.999994, -0.00291477, -0.00186854, 0
-0.00343455, -0.766956, -0.64169, 1
0.000437286, 0.641693, -0.766962, 2
0.999917, 0.00972483, 0.00846032, 0
0.0128888, -0.762953, -0.646325, 1
0.000169426, 0.64638, -0.763015, 2
0.999969, 0.0059684, 0.005155, 0
0.00788553, -0.766555, -0.64213, 1
0.000119106, 0.64215, -0.766579, 2
0.973841, -0.179848, 0.13888, 0
0.227229, 0.770887, -0.595063, 1
-4.04575e-05, 0.611054, 0.791589, 2
0.993783, 0.0873875, -0.0689884, 0
-0.111337, 0.779626, -0.616269, 1
-6.91612e-05, 0.620119, 0.784508, 2
0.99929, -0.0300684, -0.0227137, 0
-0.0376831, -0.797077, -0.602701, 1
1.76623e-05, 0.603129, -0.797644, 2
0.99855, 0.0425184, 0.0330145, 0
0.0538309, -0.787898, -0.613449, 1
-7.07861e-05, 0.614336, -0.789044, 2
0.934847, 0.324432, 0.144242, 0
0.355052, -0.854005, -0.380281, 1
-0.000192288, 0.406718, -0.913554, 2
0.900064, -0.400715, -0.17121, 0
-0.435758, -0.827949, -0.35301, 1
-0.000297104, 0.392338, -0.919821, 2
0.83907, 0.502658, 0.208078, 0
0.544023, -0.775038, -0.32149, 1
-0.000330936, 0.382951, -0.923768, 2
0.826211, -0.530642, -0.189193, 0
-0.56336, -0.778181, -0.277595, 1
7.74386e-05, 0.335936, -0.941885, 2
0.999998, -0.00139861, -0.00163472, 0
-0.00212442, -0.761853, -0.647746, 1
-0.000339469, 0.647748, -0.761854, 2
0.999929, 0.0116684, -0.00225251, 0
0.00747023, -0.764579, -0.644487, 1
-0.00924236, 0.644425, -0.764612, 2
0.999788, -0.0203263, 0.00322352, 0
-0.0134335, -0.763205, -0.646016, 1
0.0155913, 0.645836, -0.763317, 2
0.999985, 0.00444842, 0.00317376, 0
0.00544699, -0.764914, -0.644109, 1
-0.000437616, 0.644117, -0.764927, 2
0.999891, 0.0112429, 0.00955214, 0
-0.00165726, 0.728978, -0.684535, 1
-0.0146595, 0.684444, 0.728918, 2
0.999989, 0.00150247, -0.00452868, 0
-0.00405454, 0.767933, -0.640517, 1
0.00251536, 0.640528, 0.76793, 2
0.988573, 0.117264, -0.0947237, 0
-0.150742, 0.767413, -0.62318, 1
-0.000384318, 0.630338, 0.776321, 2
0.998984, -0.0422957, -0.0155622, 0
-0.0450652, -0.933797, -0.354954, 1
0.000481105, 0.355295, -0.934754, 2
0.995151, 0.0922452, 0.0341434, 0
0.0983613, -0.933158, -0.345749, 1
-3.2482e-05, 0.34743, -0.937706, 2
0.997231, -0.0698653, -0.0254813, 0
-0.0743667, -0.935779, -0.344655, 1
0.000234506, 0.345595, -0.938384, 2
0.99861, 0.0494585, 0.0182383, 0
0.0527128, -0.93453, -0.35196, 1
-0.000363172, 0.352432, -0.935838, 2
0.989921, 0.112917, 0.0854722, 0
0.141618, -0.790637, -0.595683, 1
0.00031492, 0.601784, -0.798659, 2
0.958246, -0.220806, -0.181683, 0
-0.285944, -0.740454, -0.608247, 1
-0.000222858, 0.634801, -0.772675, 2
0.999997, -0.00163644, -0.00193191, 0
-0.00249756, -0.76274, -0.646701, 1
-0.000415258, 0.646704, -0.762741, 2
0.999884, 0.0117384, 0.00970267, 0
0.0152249, -0.755015, -0.65553, 1
-0.000369224, 0.655602, -0.755107, 2
0.997715, 0.0520242, 0.0430968, 0
0.0675559, -0.766173, -0.639074, 1
-0.000227788, 0.640526, -0.767937, 2
0.8285, 0.509267, 0.232885, 0
0.559956, -0.748873, -0.354457, 1
-0.00611206, 0.424072, -0.905608, 2
0.715123, -0.633854, -0.294666, 0
-0.698999, -0.648468, -0.301479, 1
1.18841e-05, 0.421566, -0.906798, 2
0.86701, -0.463214, -0.183647, 0
-0.498291, -0.805659, -0.320345, 1
0.000431725, 0.369251, -0.929329, 2
0.913148, 0.376829, 0.155435, 0
0.407519, -0.852743, -0.326739, 1
0.00942124, 0.361704, -0.932245, 2
0.999998, -0.00146498, -0.00099872, 0
-0.00172137, -0.937158, -0.348902, 1
-0.000424825, 0.348903, -0.937159, 2
0.999999, -0.00143315, -0.000237936, 0
-0.00142899, -0.94084, -0.338849, 1
0.000261763, 0.338849, -0.940841, 2
1, 5.92387e-05, 0.000397086, 0
0.000191238, -0.939925, -0.341381, 1
0.000353008, 0.341381, -0.939925, 2
0.999986, 0.00516065, 0.00142433, 0
0.00533574, -0.939019, -0.343825, 1
-0.000436891, 0.343828, -0.939033, 2
0.728038, 0.536656, 0.426569, 0
0.682893, -0.513132, -0.519955, 1
-0.0601502, 0.669848, -0.740058, 2
0.738203, -0.567748, -0.364307, 0
-0.671757, -0.569348, -0.473905, 1
0.0616409, 0.594563, -0.801683, 2
0.973043, 0.216404, 0.0797317, 0
0.230587, -0.906642, -0.353313, 1
-0.00417025, 0.362174, -0.932101, 2
0.924802, -0.35506, -0.136648, 0
-0.380438, -0.865564, -0.325677, 1
-0.00264208, 0.353173, -0.935554, 2
0.974142, -0.212233, -0.0774863, 0
-0.225822, -0.903686, -0.363808, 1
0.00718885, 0.371899, -0.928245, 2
0.930416, 0.342164, 0.131339, 0
0.366505, -0.868477, -0.3338, 1
-0.000149784, 0.358709, -0.93345, 2
0.998831, -0.0305594, 0.0374614, 0
-0.0105111, -0.893613, -0.448715, 1
0.0471884, 0.447797, -0.892889, 2
0.99878, 0.0435951, -0.0231739, 0
0.0209146, -0.798776, -0.601265, 1
-0.044723, 0.600047, -0.798714, 2
0.99842, 0.052557, 0.0198669, 0
0.0561853, -0.931558, -0.359226, 1
-0.000372682, 0.359775, -0.933039, 2
0.99919, -0.0376562, -0.0141706, 0
-0.0402337, -0.933344, -0.356722, 1
0.000206786, 0.357003, -0.934103, 2
0.997904, 0.0564369, 0.0316549, 0
0.0635553, -0.946774, -0.315562, 1
0.0121607, 0.316913, -0.948377, 2
1, -0.000601486, -0.000131258, 0
-0.000601476, -1, 8.11991e-05, 1
-0.000131307, -8.11202e-05, -1, 2
0.999999, -0.00141054, -0.000431246, 0
-0.00141048, -0.999999, 0.000161083, 1
-0.000431472, -0.000160475, -1, 2
0.999951, -0.00985885, -0.000163686, 0
-0.00985762, -0.999932, 0.00628734, 1
-0.000225661, -0.00628542, -0.99998, 2
0.999946, -0.0103766, -0.000165896, 0
-0.0103757, -0.999934, 0.0049991, 1
-0.000217759, -0.00499711, -0.999987, 2
1, -9.606e-05, -0.000250978, 0
-9.60279e-05, -1, 0.000128155, 1
