1, 0, 0, 0
0, 1, 0, 1
0, 0, 1, 2
1, 0, 0, 0
0, 1, 0, 1
0, 0, 1, 2
1, 0, 0, 0
0, 1, 0, 1
0, 0, 1, 2
1, 0, 0, 0
0, 1, 0, 1
0, 0, 1, 2
1, 0, 0, 0
0, 1, 0, 1
0, 0, 1, 2
1, 0, 0, 0
0, 1, 0, 1
0, 0, 1, 2
1, 0, 0, 0
0, 1, 0, 1
0, 0, 1, 2
1, 0, 0, 0
0, 1, 0, 1
0, 0, 1, 2
1, 0, 0, 0
0, 1, 0, 1
0, 0, 1, 2
1, 0, 0, 0
0, 1, 0, 1
0, 0, 1, 2
1, 0, 0, 0
0, 1, 0, 1
0, 0, 1, 2
1, 0, 0, 0
0, 1, 0, 1
0, 0, 1, 2
1, 0, 0, 0
0, 1, 0, 1
0, 0, 1, 2
1, 0, 0, 0
0, 1, 0, 1
0, 0, 1, 2
0.990531, 0.0256003, -0.134883, 0
-0.137291, 0.184387, -0.973218, 1
-4.40534e-05, 0.98252, 0.186155, 2
1, 0, 0, 0
0, 1, 0, 1
0, 0, 1, 2
1, 0, 0, 0
0, 1, 0, 1
0, 0, 1, 2
1, 0, 0, 0
0, 1, 0, 1
0, 0, 1, 2
1, 0, 0, 0
0, 1, 0, 1
0, 0, 1, 2
1, 0, 0, 0
0, 1, 0, 1
0, 0, 1, 2
1, 0, 0, 0
0, 1, 0, 1
0, 0, 1, 2
1, 0, 0, 0
0, 1, 0, 1
0, 0, 1, 2
1, 0, 0, 0
0, 1, 0, 1
0, 0, 1, 2
1, 0, 0, 0
0, 1, 0, 1
0, 0, 1, 2
0.999932, 0.00212986, -0.011457, 0
-0.0116519, 0.167564, -0.985792, 1
-0.000179826, 0.985859, 0.167577, 2
1, -0.000295644, 0.00082222, 0
0.000755709, -0.179699, -0.983721, 1
0.000438583, 0.983722, -0.179699, 2
1, 0, 0, 0
0, 1, 0, 1
0, 0, 1, 2
1, 0, 0, 0
0, 1, 0, 1
0, 0, 1, 2
1, 0, 0, 0
0, 1, 0, 1
0, 0, 1, 2
1, 0, 0, 0
0, 1, 0, 1
0, 0, 1, 2
1, 0, 0, 0
0, 1, 0, 1
0, 0, 1, 2
1, 0, 0, 0
0, 1, 0, 1
0, 0, 1, 2
1, 0, 0, 0
0, 1, 0, 1
0, 0, 1, 2
1, 0, 0, 0
0, 1, 0, 1
0, 0, 1, 2
1, -0.000172593, -0.000279831, 0
-0.000245778, 0.172884, -0.984942, 1
0.000218373, 0.984942, 0.172884, 2
0.999975, 0.000934558, 0.00703449, 0
0.00709077, -0.170714, -0.985295, 1
0.000280071, 0.98532, -0.170716, 2
1, 0, 0, 0
0, 1, 0, 1
0, 0, 1, 2
1, 0, 0, 0
0, 1, 0, 1
0, 0, 1, 2
1, 0, 0, 0
0, 1, 0, 1
0, 0, 1, 2
1, 0, 0, 0
0, 1, 0, 1
0, 0, 1, 2
1, 0, 0, 0
0, 1, 0, 1
0, 0, 1, 2
1, 0, 0, 0
0, 1, 0, 1
0, 0, 1, 2
0.999943, 0.00225902, 0.0104492, 0
0.0048257, 0.776797, -0.629733, 1
-0.0095395, 0.629748, 0.776741, 2
0.999349, 0.0181112, -0.0312116, 0
-0.0360839, 0.510266, -0.859259, 1
0.000364078, 0.859826, 0.510588, 2
1, -0.000102658, -0.000359604, 0
-0.000336337, 0.173515, -0.984831, 1
0.000163497, 0.984831, 0.173515, 2
0.999997, 0.000120571, 0.00263887, 0
0.00261962, -0.173924, -0.984756, 1
0.00034023, 0.984759, -0.173924, 2
0.999826, -0.00925, -0.0162135, 0
-0.0186666, -0.496123, -0.868052, 1
-1.44174e-05, 0.868203, -0.496209, 2
0.99993, 0.0116529, -0.00223926, 0
0.00746694, -0.76458, -0.644486, 1
-0.00922223, 0.644424, -0.764613, 2
1, 0, 0, 0
0, 1, 0, 1
0, 0, 1, 2
1, 0, 0, 0
0, 1, 0, 1
0, 0, 1, 2
1, 0, 0, 0
0, 1, 0, 1
0, 0, 1, 2
1, 0, 0, 0
0, 1, 0, 1
0, 0, 1, 2
0.999992, 0.00319582, -0.00253764, 0
-0.00407963, 0.768, -0.640437, 1
-9.78148e-05, 0.640442, 0.768007, 2
1, 0.000158675, 0.000447915, 0
0.000305752, 0.506712, -0.862116, 1
-0.00036376, 0.862116, 0.506711, 2
1, 0.000325132, 0.000499462, 0
0.000432381, 0.180959, -0.983491, 1
-0.000410146, 0.983491, 0.180958, 2
1, 0.000223536, 0.000666941, 0
0.000695191, -0.169609, -0.985511, 1
-0.000107178, 0.985511, -0.169609, 2
0.999048, 0.0220999, 0.0376149, 0
0.0436264, -0.503043, -0.863159, 1
-0.000153801, 0.863979, -0.503528, 2
0.999793, -0.0201124, 0.00297724, 0
-0.0134289, -0.763187, -0.646038, 1
0.0152656, 0.645865, -0.763299, 2
1, 0, 0, 0
0, 1, 0, 1
0, 0, 1, 2
1, 0, 0, 0
0, 1, 0, 1
0, 0, 1, 2
1, 0, 0, 0
0, 1, 0, 1
0, 0, 1, 2
1, 0, 0, 0
0, 1, 0, 1
0, 0, 1, 2
1, 0, 0, 0
0, 1, 0, 1
0, 0, 1, 2
1, 0, 0, 0
0, 1, 0, 1
0, 0, 1, 2
0.999985, -0.00055753, 0.00552735, 0
0.00554166, 0.170022, -0.985425, 1
-0.000390364, 0.98544, 0.170022, 2
0.999979, -0.000477531, -0.00644308, 0
-0.00644074, -0.152118, -0.988341, 1
-0.000508143, 0.988362, -0.152118, 2
1, 0, 0, 0
0, 1, 0, 1
0, 0, 1, 2
1, 0, 0, 0
0, 1, 0, 1
0, 0, 1, 2
1, 0, 0, 0
0, 1, 0, 1
0, 0, 1, 2
1, 0, 0, 0
0, 1, 0, 1
0, 0, 1, 2
1, 0, 0, 0
0, 1, 0, 1
0, 0, 1, 2
1, 0, 0, 0
0, 1, 0, 1
0, 0, 1, 2
1, 0, 0, 0
0, 1, 0, 1
0, 0, 1, 2
1, 0, 0, 0
0, 1, 0, 1
0, 0, 1, 2
0.99994, -0.00152836, 0.0108304, 0
0.0109329, 0.168847, -0.985582, 1
-0.000322351, 0.985641, 0.168854, 2
0.999921, 0.0024239, 0.0123656, 0
0.012599, -0.17522, -0.984449, 1
-0.000219503, 0.984526, -0.175237, 2
1, 0, 0, 0
0, 1, 0, 1
0, 0, 1, 2
1, 0, 0, 0
0, 1, 0, 1
0, 0, 1, 2
1, 0, 0, 0
0, 1, 0, 1
0, 0, 1, 2
1, 0, 0, 0
0, 1, 0, 1
0, 0, 1, 2
1, 0, 0, 0
0, 1, 0, 1
0, 0, 1, 2
1, 0, 0, 0
0, 1, 0, 1
0, 0, 1, 2
1, 0, 0, 0
0, 1, 0, 1
0, 0, 1, 2
1, 0, 0, 0
0, 1, 0, 1
0, 0, 1, 2
1, 0, 0, 0
0, 1, 0, 1
0, 0, 1, 2
0.999965, -0.000954037, -0.00833633, 0
-0.00838705, -0.143142, -0.989667, 1
-0.000249103, 0.989702, -0.143145, 2
1, 0, 0, 0
0, 1, 0, 1
0, 0, 1, 2
1, 0, 0, 0
0, 1, 0, 1
0, 0, 1, 2
1, 0, 0, 0
0, 1, 0, 1
0, 0, 1, 2
1, 0, 0, 0
0, 1, 0, 1
0, 0, 1, 2
1, 0, 0, 0
0, 1, 0, 1
0, 0, 1, 2
1, 0, 0, 0
0, 1, 0, 1
0, 0, 1, 2
1, 0, 0, 0
0, 1, 0, 1
0, 0, 1, 2
1, 0, 0, 0
0, 1, 0, 1
0, 0, 1, 2
1, 0, 0, 0
0, 1, 0, 1
0, 0, 1, 2
1, 0, 0, 0
0, 1, 0, 1
0, 0, 1, 2
1, 0, 0, 0
0, 1, 0, 1
0, 0, 1, 2
1, 0, 0, 0
0, 1, 0, 1
0, 0, 1, 2
1, 0, 0, 0
0, 1, 0, 1
0, 0, 1, 2
1, 0, 0, 0
0, 1, 0, 1
0, 0, 1, 2
1, 0, 0, 0
0, 1, 0, 1
0, 0, 1, 2
1, 0, 0, 0
0, 1, 0, 1
0, 0, 1, 2
1, 0, 0, 0
0, 1, 0, 1
0, 0, 1, 2
1, 0, 0, 0
0, 1, 0, 1
0, 0, 1, 2
1, 0, 0, 0
0, 1, 0, 1
0, 0, 1, 2
1, 0, 0, 0
0, 1, 0, 1
0, 0, 1, 2
1, 0, 0, 0
0, 1, 0, 1
0, 0, 1, 2
1, 0, 0, 0
0, 1, 0, 1
0, 0, 1, 2
1, 0, 0, 0
0, 1, 0, 1
0, 0, 1, 2
1, 0, 0, 0
0, 1, 0, 1
0, 0, 1, 2
1, 0, 0, 0
0, 1, 0, 1
0, 0, 1, 2
1, 0, 0, 0
0, 1, 0, 1
0, 0, 1, 2
1, 0, 0, 0
0, 1, 0, 1
0, 0, 1, 2
1, 0, 0, 0
0, 1, 0, 1
0, 0, 1, 2
0.97834, 0.0293296, -0.204914, 0
-0.206998, 0.145673, -0.967436, 1
0.00147594, 0.988898, 0.148589, 2
0.999939, -0.00275594, -0.0107043, 0
-0.0110086, -0.161236, -0.986854, 1
0.00099379, 0.986912, -0.161257, 2
1, 0, 0, 0
0, 1, 0, 1
0, 0, 1, 2
1, 0, 0, 0
0, 1, 0, 1
0, 0, 1, 2
1, 0, 0, 0
0, 1, 0, 1
0, 0, 1, 2
1, 0, 0, 0
0, 1, 0, 1
0, 0, 1, 2
1, 0, 0, 0
0, 1, 0, 1
0, 0, 1, 2
1, 0, 0, 0
0, 1, 0, 1
0, 0, 1, 2
1, 0, 0, 0
0, 1, 0, 1
0, 0, 1, 2
0.982206, 0.0916292, -0.163935, 0
-0.187799, 0.486035, -0.853523, 1
0.00147055, 0.869123, 0.494594, 2
0.999958, 0.00109165, -0.00912645, 0
-0.0091798, 0.168692, -0.985626, 1
0.000463606, 0.985668, 0.168695, 2
0.999999, -0.000877479, -0.000903126, 0
-0.00103935, -0.170271, -0.985397, 1
0.000710889, 0.985397, -0.170271, 2
0.995431, 0.0432037, 0.0851547, 0
0.0954873, -0.452659, -0.886556, 1
0.000243566, 0.890636, -0.454716, 2
1, 0, 0, 0
0, 1, 0, 1
0, 0, 1, 2
1, 0, 0, 0
0, 1, 0, 1
0, 0, 1, 2
1, 0, 0, 0
0, 1, 0, 1
0, 0, 1, 2
1, 0, 0, 0
0, 1, 0, 1
0, 0, 1, 2
1, 0, 0, 0
0, 1, 0, 1
0, 0, 1, 2
1, 0, 0, 0
0, 1, 0, 1
0, 0, 1, 2
0.999477, 0.0158592, -0.0281975, 0
-0.0323504, 0.496575, -0.867391, 1
0.000246092, 0.867849, 0.496828, 2
1, 0.000112007, 0.000289369, 0
0.000265527, 0.173626, -0.984812, 1
-0.000160548, 0.984812, 0.173626, 2
1, -0.000361022, 0.000497443, 0
0.000426812, -0.174502, -0.984657, 1
0.000442287, 0.984657, -0.174502, 2
0.999966, 0.00390945, 0.00723339, 0
0.00822062, -0.492986, -0.869998, 1
0.000164748, 0.870028, -0.493001, 2
1, 0, 0, 0
0, 1, 0, 1
0, 0, 1, 2
1, 0, 0, 0
0, 1, 0, 1
0, 0, 1, 2
1, 0, 0, 0
0, 1, 0, 1
0, 0, 1, 2
1, 0, 0, 0
0, 1, 0, 1
0, 0, 1, 2
1, 0, 0, 0
0, 1, 0, 1
0, 0, 1, 2
0.999995, -0.00226732, 0.00239002, 0
0.00327244, 0.76724, -0.641351, 1
-0.000379575, 0.641356, 0.767244, 2
0.999978, 0.00329402, -0.00584207, 0
-0.00670628, 0.501241, -0.865282, 1
7.80297e-05, 0.865302, 0.501252, 2
1, 0.000517676, -0.000345171, 0
-0.000429971, 0.173977, -0.98475, 1
-0.00044973, 0.98475, 0.173977, 2
0.999999, 6.29474e-05, 0.00148333, 0
0.00147183, -0.173113, -0.984901, 1
0.000194786, 0.984902, -0.173113, 2
1, 0.000165519, 0.000939526, 0
0.000895887, -0.50139, -0.865221, 1
0.000327859, 0.865221, -0.50139, 2
0.999988, -0.00406122, -0.00290132, 0
-0.00497303, -0.761298, -0.648383, 1
0.00042446, 0.64839, -0.761309, 2
1, 0, 0, 0
0, 1, 0, 1
0, 0, 1, 2
1, 0, 0, 0
0, 1, 0, 1
0, 0, 1, 2
1, 0, 0, 0
0, 1, 0, 1
0, 0, 1, 2
1, 0, 0, 0
0, 1, 0, 1
0, 0, 1, 2
0.999951, 0.00735146, -0.00659879, 0
-0.00987156, 0.768918, -0.639272, 1
0.000374345, 0.639306, 0.768953, 2
0.999968, -0.00409467, 0.00689742, 0
0.00802064, 0.499693, -0.866165, 1
0.000100063, 0.866193, 0.49971, 2
1, -5.59989e-05, 0.000464189, 0
0.000466855, 0.173871, -0.984768, 1
-2.55628e-05, 0.984769, 0.173871, 2
0.999999, -7.99562e-05, -0.00104465, 0
-0.0010424, -0.176118, -0.984369, 1
-0.000105275, 0.984369, -0.176118, 2
0.999948, -0.00524843, -0.00873265, 0
-0.0101856, -0.494459, -0.869141, 1
0.000243688, 0.869185, -0.494487, 2
0.999993, -0.0031853, -0.00214139, 0
-0.00381409, -0.762244, -0.647278, 1
0.000429512, 0.647282, -0.762251, 2
1, 0, 0, 0
0, 1, 0, 1
0, 0, 1, 2
1, 0, 0, 0
0, 1, 0, 1
0, 0, 1, 2
1, 0, 0, 0
0, 1, 0, 1
0, 0, 1, 2
1, 0, 0, 0
0, 1, 0, 1
0, 0, 1, 2
1, 0, 0, 0
0, 1, 0, 1
0, 0, 1, 2
0.999974, -0.00381405, 0.00608049, 0
0.00717226, 0.497995, -0.86715, 1
0.000279298, 0.867172, 0.498009, 2
0.99999, -0.00109593, 0.00436894, 0
0.00449209, 0.171292, -0.98521, 1
0.000331354, 0.98522, 0.171295, 2
0.999988, -0.000528006, -0.00496988, 0
-0.00498717, -0.170402, -0.985362, 1
-0.0003266, 0.985375, -0.170402, 2
0.999981, 0.002811, 0.0054121, 0
0.00609215, -0.501168, -0.865328, 1
0.000279933, 0.865345, -0.501176, 2
1, 0, 0, 0
0, 1, 0, 1
0, 0, 1, 2
1, 0, 0, 0
0, 1, 0, 1
0, 0, 1, 2
1, 0, 0, 0
0, 1, 0, 1
0, 0, 1, 2
1, 0, 0, 0
0, 1, 0, 1
0, 0, 1, 2
1, 0, 0, 0
0, 1, 0, 1
0, 0, 1, 2
1, 0, 0, 0
0, 1, 0, 1
0, 0, 1, 2
0.998296, -0.0289077, 0.0506947, 0
0.0583575, 0.495219, -0.866806, 1
-4.76686e-05, 0.868287, 0.496062, 2
0.999933, -0.00186373, 0.0114127, 0
0.0115633, 0.170762, -0.985244, 1
-0.000112638, 0.98531, 0.170773, 2
1, 0.000522597, 0.000261943, 0
0.000348163, -0.172499, -0.98501, 1
-0.000469578, 0.98501, -0.172499, 2
0.8898, 0.213851, 0.403142, 0
0.456278, -0.432601, -0.777603, 1
0.0081082, 0.875856, -0.482504, 2
1, 0, 0, 0
0, 1, 0, 1
0, 0, 1, 2
1, 0, 0, 0
0, 1, 0, 1
0, 0, 1, 2
1, 0, 0, 0
0, 1, 0, 1
0, 0, 1, 2
1, 0, 0, 0
0, 1, 0, 1
0, 0, 1, 2
1, 0, 0, 0
0, 1, 0, 1
0, 0, 1, 2
1, 0, 0, 0
0, 1, 0, 1
0, 0, 1, 2
1, 0, 0, 0
0, 1, 0, 1
0, 0, 1, 2
0.969884, -0.0361065, 0.240876, 0
0.243567, 0.144664, -0.959035, 1
-0.000218768, 0.988822, 0.149102, 2
0.999241, 0.00720159, 0.0382834, 0
0.0389542, -0.179109, -0.983058, 1
-0.000222664, 0.983803, -0.179254, 2
1, 0, 0, 0
0, 1, 0, 1
0, 0, 1, 2
1, 0, 0, 0
0, 1, 0, 1
0, 0, 1, 2
1, 0, 0, 0
0, 1, 0, 1
0, 0, 1, 2
1, 0, 0, 0
0, 1, 0, 1
0, 0, 1, 2
1, 0, 0, 0
0, 1, 0, 1
0, 0, 1, 2
1, 0, 0, 0
0, 1, 0, 1
0, 0, 1, 2
1, 0, 0, 0
0, 1, 0, 1
0, 0, 1, 2
1, 0, 0, 0
0, 1, 0, 1
0, 0, 1, 2
1, 0, 0, 0
0, 1, 0, 1
0, 0, 1, 2
1, 0, 0, 0
0, 1, 0, 1
0, 0, 1, 2
1, 0, 0, 0
0, 1, 0, 1
0, 0, 1, 2
1, 0, 0, 0
0, 1, 0, 1
0, 0, 1, 2
1, 0, 0, 0
0, 1, 0, 1
0, 0, 1, 2
1, 0, 0, 0
0, 1, 0, 1
0, 0, 1, 2
1, 0, 0, 0
0, 1, 0, 1
0, 0, 1, 2
1, 0, 0, 0
0, 1, 0, 1
0, 0, 1, 2
1, 0, 0, 0
0, 1, 0, 1
0, 0, 1, 2
1, 0, 0, 0
0, 1, 0, 1
0, 0, 1, 2
1, 0, 0, 0
0, 1, 0, 1
0, 0, 1, 2
1, 0, 0, 0
0, 1, 0, 1
0, 0, 1, 2
1, 0, 0, 0
0, 1, 0, 1
0, 0, 1, 2
1, 0, 0, 0
0, 1, 0, 1
0, 0, 1, 2
1, 0, 0, 0
0, 1, 0, 1
0, 0, 1, 2
1, 0, 0, 0
0, 1, 0, 1
0, 0, 1, 2
1, 0, 0, 0
0, 1, 0, 1
0, 0, 1, 2
1, 0, 0, 0
0, 1, 0, 1
0, 0, 1, 2
1, 0, 0, 0
0, 1, 0, 1
0, 0, 1, 2
1, 0, 0, 0
0, 1, 0, 1
0, 0, 1, 2
0.994034, 0.0172813, -0.10769, 0
-0.109067, 0.156993, -0.981559, 1
-5.61324e-05, 0.987449, 0.157941, 2
0.995818, 0.0132742, 0.0903877, 0
0.0913245, -0.171123, -0.981008, 1
0.00244541, 0.98516, -0.17162, 2
1, 0, 0, 0
0, 1, 0, 1
0, 0, 1, 2
1, 0, 0, 0
0, 1, 0, 1
0, 0, 1, 2
1, 0, 0, 0
0, 1, 0, 1
0, 0, 1, 2
1, 0, 0, 0
0, 1, 0, 1
0, 0, 1, 2
1, 0, 0, 0
0, 1, 0, 1
0, 0, 1, 2
1, 0, 0, 0
0, 1, 0, 1
0, 0, 1, 2
1, 0, 0, 0
0, 1, 0, 1
0, 0, 1, 2
0.991027, 0.0609354, -0.118967, 0
-0.133665, 0.45002, -0.882958, 1
-0.000265864, 0.890937, 0.454127, 2
0.999715, 0.00295416, -0.0237061, 0
-0.0238729, 0.160453, -0.986755, 1
0.000888681, 0.987039, 0.160478, 2
0.999998, -0.00113405, -0.00169025, 0
-0.00185692, -0.168194, -0.985752, 1
0.000833599, 0.985753, -0.168196, 2
0.993617, 0.0508161, 0.100716, 0
0.112809, -0.45051, -0.885616, 1
0.000370106, 0.891324, -0.453367, 2
1, 0, 0, 0
0, 1, 0, 1
0, 0, 1, 2
1, 0, 0, 0
0, 1, 0, 1
0, 0, 1, 2
1, 0, 0, 0
0, 1, 0, 1
0, 0, 1, 2
1, 0, 0, 0
0, 1, 0, 1
0, 0, 1, 2
1, 0, 0, 0
0, 1, 0, 1
0, 0, 1, 2
0.999971, -0.00601089, 0.00462713, 0
0.00758422, 0.780684, -0.624879, 1
0.000143752, 0.624897, 0.780708, 2
0.999936, 0.00572067, -0.00977865, 0
-0.0113281, 0.493677, -0.869572, 1
-0.000147038, 0.869627, 0.49371, 2
0.999999, -0.000362449, 0.00119319, 0
0.0012437, 0.220083, -0.97548, 1
9.0962e-05, 0.975481, 0.220083, 2
0.999976, 0.00109907, 0.00676743, 0
0.0068558, -0.169485, -0.985509, 1
6.38337e-05, 0.985532, -0.169488, 2
0.999543, 0.0149361, 0.0262644, 0
0.0302134, -0.487169, -0.872785, 1
-0.000240752, 0.87318, -0.487398, 2
1, 0, 0, 0
0, 1, 0, 1
0, 0, 1, 2
1, 0, 0, 0
0, 1, 0, 1
0, 0, 1, 2
1, 0, 0, 0
0, 1, 0, 1
0, 0, 1, 2
1, 0, 0, 0
0, 1, 0, 1
0, 0, 1, 2
1, 0, 0, 0
0, 1, 0, 1
0, 0, 1, 2
0.999127, 0.0322066, -0.0266107, 0
-0.0417756, 0.763542, -0.644406, 1
-0.000435744, 0.644955, 0.764221, 2
0.999997, 0.00130672, -0.00185013, 0
-0.00225543, 0.499232, -0.866466, 1
-0.00020859, 0.866468, 0.499233, 2
1, 0.000114171, -0.000762256, 0
-0.000770466, 0.175323, -0.984511, 1
2.12382e-05, 0.984511, 0.175323, 2
0.999999, -0.000109604, 0.00141484, 0
0.00137452, -0.173088, -0.984905, 1
0.000352842, 0.984906, -0.173088, 2
0.999999, 0.00092007, 0.000924713, 0
0.00126041, -0.498835, -0.866696, 1
-0.000336141, 0.866696, -0.498836, 2
0.999999, 0.00127582, 0.000488764, 0
0.00129093, -0.765218, -0.64377, 1
-0.000447324, 0.64377, -0.765219, 2
0.999579, -0.0272649, -0.00992402, 0
-0.0290139, -0.936494, -0.349481, 1
0.000234776, 0.349621, -0.936891, 2
1, 0, 0, 0
0, 1, 0, 1
0, 0, 1, 2
1, 0, 0, 0
0, 1, 0, 1
0, 0, 1, 2
1, 0, 0, 0
0, 1, 0, 1
0, 0, 1, 2
1, 0.000854162, -0.000136323, 0
-0.000744316, 0.769465, -0.638689, 1
-0.000440648, 0.638688, 0.769465, 2
0.999982, -0.00313824, 0.00512894, 0
0.00601084, 0.499599, -0.866236, 1
0.000156041, 0.866251, 0.499609, 2
1, -0.000200045, 0.000579992, 0
0.000605946, 0.173934, -0.984757, 1
9.61154e-05, 0.984757, 0.173934, 2
1, -0.000398273, 0.000371474, 0
0.000296617, -0.173764, -0.984787, 1
0.000456763, 0.984787, -0.173764, 2
0.999975, -0.00349505, -0.00621184, 0
-0.00712743, -0.495976, -0.868307, 1
-4.61419e-05, 0.868329, -0.495988, 2
0.999981, 0.00458704, 0.00415147, 0
0.00618305, -0.764134, -0.645028, 1
0.000213511, 0.645041, -0.764148, 2
0.999868, 0.0152581, 0.00555701, 0
0.0162376, -0.935879, -0.351947, 1
-0.000169346, 0.351991, -0.936003, 2
1, 0, 0, 0
0, 1, 0, 1
0, 0, 1, 2
1, 0, 0, 0
0, 1, 0, 1
0, 0, 1, 2
1, 0, 0, 0
0, 1, 0, 1
0, 0, 1, 2
0.999993, -0.00265136, 0.00272383, 0
0.00377617, 0.774972, -0.631984, 1
-0.000435276, 0.631989, 0.774977, 2
0.999917, -0.00610733, 0.0113339, 0
0.0128709, 0.495438, -0.868548, 1
-0.000310718, 0.868622, 0.495476, 2
0.999992, -0.000304634, 0.00397209, 0
0.00396549, 0.171472, -0.985181, 1
-0.000380982, 0.985189, 0.171472, 2
0.999976, -0.000903598, -0.00685885, 0
-0.00691236, -0.170931, -0.985259, 1
-0.000282114, 0.985283, -0.170933, 2
0.999466, -0.0160389, -0.0284777, 0
-0.0326827, -0.483665, -0.874643, 1
0.000254623, 0.875106, -0.483931, 2
1, 0, 0, 0
0, 1, 0, 1
0, 0, 1, 2
1, 0, 0, 0
0, 1, 0, 1
0, 0, 1, 2
1, 0, 0, 0
0, 1, 0, 1
0, 0, 1, 2
1, 0, 0, 0
0, 1, 0, 1
0, 0, 1, 2
1, 0, 0, 0
0, 1, 0, 1
0, 0, 1, 2
0.995674, 0.0765579, -0.0526554, 0
-0.0927416, 0.783939, -0.613872, 1
-0.00571819, 0.6161, 0.787647, 2
0.995311, -0.0447001, 0.0857818, 0
0.0967288, 0.46356, -0.88077, 1
-0.000394519, 0.884937, 0.46571, 2
0.999896, -0.00209093, 0.0142679, 0
0.0144164, 0.167949, -0.98569, 1
-0.000335272, 0.985793, 0.167962, 2
1, 0.0003177, 1.643e-05, 0
7.14329e-05, -0.173917, -0.98476, 1
-0.000310001, 0.98476, -0.173917, 2
0.995848, -0.0421662, -0.0806772, 0
-0.0910318, -0.460359, -0.883053, 1
9.45466e-05, 0.886731, -0.462286, 2
1, 0, 0, 0
0, 1, 0, 1
0, 0, 1, 2
1, 0, 0, 0
0, 1, 0, 1
0, 0, 1, 2
1, 0, 0, 0
0, 1, 0, 1
0, 0, 1, 2
1, 0, 0, 0
0, 1, 0, 1
0, 0, 1, 2
1, 0, 0, 0
0, 1, 0, 1
0, 0, 1, 2
1, 0, 0, 0
0, 1, 0, 1
0, 0, 1, 2
1, 0, 0, 0
0, 1, 0, 1
0, 0, 1, 2
0.994879, -0.0156534, 0.0998547, 0
0.101046, 0.177274, -0.97896, 1
-0.00237763, 0.984037, 0.177948, 2
0.994923, -0.0164739, -0.0992836, 0
-0.100641, -0.165661, -0.981034, 1
-0.000285956, 0.986045, -0.166478, 2
1, 0, 0, 0
0, 1, 0, 1
0, 0, 1, 2
1, 0, 0, 0
0, 1, 0, 1
0, 0, 1, 2
1, 0, 0, 0
0, 1, 0, 1
0, 0, 1, 2
1, 0, 0, 0
0, 1, 0, 1
0, 0, 1, 2
1, 0, 0, 0
0, 1, 0, 1
0, 0, 1, 2
1, 0, 0, 0
0, 1, 0, 1
0, 0, 1, 2
1, 0, 0, 0
0, 1, 0, 1
0, 0, 1, 2
1, 0, 0, 0
0, 1, 0, 1
0, 0, 1, 2
1, 0, 0, 0
0, 1, 0, 1
0, 0, 1, 2
1, 0, 0, 0
0, 1, 0, 1
0, 0, 1, 2
1, 0, 0, 0
0, 1, 0, 1
0, 0, 1, 2
1, 0, 0, 0
0, 1, 0, 1
0, 0, 1, 2
1, 0, 0, 0
0, 1, 0, 1
0, 0, 1, 2
1, 0, 0, 0
0, 1, 0, 1
0, 0, 1, 2
1, 0, 0, 0
0, 1, 0, 1
0, 0, 1, 2
1, 0, 0, 0
0, 1, 0, 1
0, 0, 1, 2
1, 0, 0, 0
0, 1, 0, 1
0, 0, 1, 2
1, 0, 0, 0
0, 1, 0, 1
0, 0, 1, 2
1, 0, 0, 0
0, 1, 0, 1
0, 0, 1, 2
1, 0, 0, 0
0, 1, 0, 1
0, 0, 1, 2
1, 0, 0, 0
0, 1, 0, 1
0, 0, 1, 2
1, 0, 0, 0
0, 1, 0, 1
0, 0, 1, 2
1, 0, 0, 0
0, 1, 0, 1
0, 0, 1, 2
1, 0, 0, 0
0, 1, 0, 1
0, 0, 1, 2
1, 0, 0, 0
0, 1, 0, 1
0, 0, 1, 2
1, 0, 0, 0
0, 1, 0, 1
0, 0, 1, 2
1, 0, 0, 0
0, 1, 0, 1
0, 0, 1, 2
0.547936, 0.273803, -0.790442, 0
-0.83652, 0.179131, -0.517828, 1
-0.000190238, 0.944957, 0.327194, 2
0.996331, 0.0104083, -0.0849495, 0
-0.085539, 0.153562, -0.98443, 1
0.00279879, 0.988084, 0.153889, 2
0.999393, -0.00839595, -0.0338122, 0
-0.0347697, -0.179153, -0.983207, 1
0.00219739, 0.983785, -0.179336, 2
1, 0, 0, 0
0, 1, 0, 1
0, 0, 1, 2
1, 0, 0, 0
0, 1, 0, 1
0, 0, 1, 2
1, 0, 0, 0
0, 1, 0, 1
0, 0, 1, 2
1, 0, 0, 0
0, 1, 0, 1
0, 0, 1, 2
1, 0, 0, 0
0, 1, 0, 1
0, 0, 1, 2
1, 0, 0, 0
0, 1, 0, 1
0, 0, 1, 2
1, 0, 0, 0
0, 1, 0, 1
0, 0, 1, 2
0.992861, 0.0550744, -0.1058, 0
-0.119275, 0.455464, -0.882228, 1
-0.000400257, 0.888549, 0.458782, 2
0.999921, 0.00175604, -0.012421, 0
-0.0125398, 0.167135, -0.985854, 1
0.000344785, 0.985932, 0.167144, 2
0.999995, -0.00248322, -0.00193217, 0
-0.00233061, -0.172054, -0.985085, 1
0.00211375, 0.985084, -0.172059, 2
0.993258, 0.0521729, 0.103519, 0
0.115923, -0.450026, -0.885459, 1
0.000389461, 0.89149, -0.45304, 2
1, 0, 0, 0
0, 1, 0, 1
0, 0, 1, 2
1, 0, 0, 0
0, 1, 0, 1
0, 0, 1, 2
0.999997, -0.00228646, 0.000401058, 0
-0.00228348, -0.999971, -0.00728416, 1
0.000417701, 0.00728323, -0.999973, 2
1, 0, 0, 0
0, 1, 0, 1
0, 0, 1, 2
1, 0, 0, 0
0, 1, 0, 1
0, 0, 1, 2
0.993699, 0.0828719, -0.0754669, 0
-0.112085, 0.734245, -0.669568, 1
-7.72434e-05, 0.673808, 0.738907, 2
0.999928, 0.00561366, -0.0106091, 0
-0.0119973, 0.494087, -0.86933, 1
0.000361706, 0.869394, 0.494119, 2
1, 8.4445e-05, -0.000652014, 0
-0.00065682, 0.172024, -0.985093, 1
2.89755e-05, 0.985093, 0.172024, 2
0.999981, 0.000852148, 0.00610105, 0
0.00615717, -0.16968, -0.98548, 1
0.000195451, 0.985499, -0.169682, 2
0.999546, 0.0148622, 0.0262259, 0
0.0301434, -0.4859, -0.873495, 1
-0.000238919, 0.873888, -0.486127, 2
0.996779, 0.0594365, 0.0538333, 0
0.0801918, -0.738893, -0.669034, 1
1.20557e-05, 0.671196, -0.74128, 2
1, 0, 0, 0
0, 1, 0, 1
0, 0, 1, 2
0.999851, -0.0172735, 0.000457636, 0
-0.0172761, -0.999829, 0.00654235, 1
0.000344548, -0.00654928, -0.999978, 2
1, 0, 0, 0
0, 1, 0, 1
0, 0, 1, 2
1, 0, 0, 0
0, 1, 0, 1
0, 0, 1, 2
0.99998, 0.0047696, -0.00415979, 0
-0.00632812, 0.762693, -0.64673, 1
8.80001e-05, 0.646743, 0.762708, 2
1, -0.000467072, -0.000143033, 0
0.000109653, 0.499976, -0.866039, 1
0.000476016, 0.866039, 0.499976, 2
1, 0.000477134, 1.67989e-05, 0
-6.64944e-05, 0.174033, -0.98474, 1
-0.000472777, 0.98474, 0.174033, 2
0.999999, 0.0006712, 0.00114459, 0
0.00124356, -0.173241, -0.984879, 1
-0.000462761, 0.984879, -0.173241, 2
0.999973, 0.00390243, 0.0062108, 0
0.00732895, -0.497025, -0.867705, 1
-0.000299232, 0.867727, -0.497041, 2
0.999901, 0.010633, 0.00916304, 0
0.0140362, -0.760758, -0.648884, 1
7.13104e-05, 0.648948, -0.760832, 2
0.999142, -0.0388785, -0.0142384, 0
-0.0414033, -0.936698, -0.347682, 1
0.000180237, 0.347973, -0.937504, 2
1, -0.000366433, 0.000392851, 0
-0.000364658, -0.99999, -0.00450818, 1
0.000394499, 0.00450803, -0.99999, 2
1, 0, 0, 0
0, 1, 0, 1
0, 0, 1, 2
1, 0, 0, 0
0, 1, 0, 1
0, 0, 1, 2
0.999971, -0.00598313, 0.00470499, 0
0.00760674, 0.76372, -0.645503, 1
0.000268829, 0.64552, 0.763743, 2
0.999994, -0.00186772, 0.00298129, 0
0.0035151, 0.49594, -0.86835, 1
0.000143287, 0.868355, 0.495944, 2
1, -0.000333016, -0.000743172, 0
-0.000668931, 0.184587, -0.982816, 1
0.000464474, 0.982816, 0.184587, 2
1, -0.000482185, -3.16759e-05, 0
-0.000114721, -0.17322, -0.984883, 1
0.000469409, 0.984883, -0.17322, 2
1, -0.000117824, -3.35394e-05, 0
-8.79606e-05, -0.500029, -0.866009, 1
8.52658e-05, 0.866009, -0.500029, 2
0.999961, -0.00701496, -0.00543972, 0
-0.00886787, -0.761701, -0.647868, 1
0.000401332, 0.647891, -0.761733, 2
0.999087, 0.0404324, 0.013786, 0
0.0427153, -0.941933, -0.333072, 1
-0.000481407, 0.333357, -0.942801, 2
0.999956, -0.00939358, 0.000115962, 0
-0.00939338, -0.999955, -0.00165465, 1
0.0001315, 0.00165349, -0.999999, 2
1, 0, 0, 0
0, 1, 0, 1
0, 0, 1, 2
1, 0, 0, 0
0, 1, 0, 1
0, 0, 1, 2
0.994616, -0.0766538, 0.0697413, 0
0.103632, 0.735577, -0.669468, 1
1.71934e-05, 0.673091, 0.73956, 2
0.999904, -0.00682117, 0.012074, 0
0.0138676, 0.492456, -0.870227, 1
-9.95018e-06, 0.870311, 0.492503, 2
0.999991, -0.000306581, 0.00431936, 0
0.00430804, 0.171294, -0.985211, 1
-0.000437835, 0.98522, 0.171294, 2
0.999998, -0.000108823, 0.0017991, 0
0.00175348, -0.17221, -0.985059, 1
0.00041702, 0.98506, -0.17221, 2
0.999341, -0.01784, -0.0316091, 0
-0.0362943, -0.482685, -0.875042, 1
0.000353515, 0.875612, -0.483014, 2
0.994391, -0.0778533, -0.0715889, 0
-0.105764, -0.732278, -0.672742, 1
-4.77592e-05, 0.676541, -0.736405, 2
1, 0, 0, 0
0, 1, 0, 1
0, 0, 1, 2
0.999986, -0.0052084, 0.000222306, 0
-0.00520827, -0.999986, -0.000593142, 1
0.000225392, 0.000591976, -1, 2
1, 0, 0, 0
0, 1, 0, 1
0, 0, 1, 2
1, 0, 0, 0
0, 1, 0, 1
0, 0, 1, 2
1, 0, 0, 0
0, 1, 0, 1
0, 0, 1, 2
0.993978, -0.0521436, 0.0963744, 0
0.109563, 0.459081, -0.881613, 1
0.00172683, 0.886863, 0.462029, 2
0.999837, -0.00318859, 0.0177738, 0
0.0180573, 0.182226, -0.983091, 1
-0.000104177, 0.983252, 0.182254, 2
0.999997, 0.00049486, 0.00241612, 0
0.00246528, -0.172658, -0.984979, 1
-7.02639e-05, 0.984982, -0.172659, 2
0.99256, -0.0542928, -0.108981, 0
-0.121755, -0.445741, -0.886843, 1
-0.000428075, 0.893514, -0.449035, 2
1, 0, 0, 0
0, 1, 0, 1
0, 0, 1, 2
1, 0, 0, 0
0, 1, 0, 1
0, 0, 1, 2
1, 0, 0, 0
0, 1, 0, 1
0, 0, 1, 2
1, 0, 0, 0
0, 1, 0, 1
0, 0, 1, 2
1, 0, 0, 0
0, 1, 0, 1
0, 0, 1, 2
1, 0, 0, 0
0, 1, 0, 1
0, 0, 1, 2
0.389761, -0.454543, 0.800922, 0
0.920916, 0.192493, -0.33891, 1
-0.000122878, 0.869676, 0.493622, 2
0.997237, -0.0104893, 0.0735385, 0
0.07427, 0.159203, -0.984448, 1
-0.0013814, 0.98719, 0.159542, 2
0.999533, 0.00526723, 0.0301007, 0
0.0305571, -0.164398, -0.985921, 1
-0.000244587, 0.98638, -0.164482, 2
1, 0, 0, 0
0, 1, 0, 1
0, 0, 1, 2
1, 0, 0, 0
0, 1, 0, 1
0, 0, 1, 2
1, 0, 0, 0
0, 1, 0, 1
0, 0, 1, 2
1, 0, 0, 0
0, 1, 0, 1
0, 0, 1, 2
1, 0, 0, 0
0, 1, 0, 1
0, 0, 1, 2
1, 0, 0, 0
0, 1, 0, 1
0, 0, 1, 2
1, 0, 0, 0
0, 1, 0, 1
0, 0, 1, 2
1, 0, 0, 0
0, 1, 0, 1
0, 0, 1, 2
1, 0, 0, 0
0, 1, 0, 1
0, 0, 1, 2
1, 0, 0, 0
0, 1, 0, 1
0, 0, 1, 2
1, 0, 0, 0
0, 1, 0, 1
0, 0, 1, 2
1, 0, 0, 0
0, 1, 0, 1
0, 0, 1, 2
1, 0, 0, 0
0, 1, 0, 1
0, 0, 1, 2
1, 0, 0, 0
0, 1, 0, 1
0, 0, 1, 2
1, 0, 0, 0
0, 1, 0, 1
0, 0, 1, 2
1, 0, 0, 0
0, 1, 0, 1
0, 0, 1, 2
1, 0, 0, 0
0, 1, 0, 1
0, 0, 1, 2
1, 0, 0, 0
0, 1, 0, 1
0, 0, 1, 2
1, 0, 0, 0
0, 1, 0, 1
0, 0, 1, 2
1, 0, 0, 0
0, 1, 0, 1
0, 0, 1, 2
1, 0, 0, 0
0, 1, 0, 1
0, 0, 1, 2
1, 0, 0, 0
0, 1, 0, 1
0, 0, 1, 2
1, 0, 0, 0
0, 1, 0, 1
0, 0, 1, 2
1, 0, 0, 0
0, 1, 0, 1
0, 0, 1, 2
1, 0, 0, 0
0, 1, 0, 1
0, 0, 1, 2
1, 0, 0, 0
0, 1, 0, 1
0, 0, 1, 2
1, 0, 0, 0
0, 1, 0, 1
0, 0, 1, 2
0.805611, 0.229922, -0.546009, 0
-0.592444, 0.312198, -0.742659, 1
-0.000290619, 0.921774, 0.387727, 2
0.99594, 0.0105147, -0.0893996, 0
-0.0899695, 0.148125, -0.984868, 1
0.00288672, 0.988913, 0.14847, 2
0.998917, -0.0114378, -0.0451036, 0
-0.0464209, -0.178227, -0.982894, 1
0.00320349, 0.983923, -0.178565, 2
1, 0, 0, 0
0, 1, 0, 1
0, 0, 1, 2
1, 0, 0, 0
0, 1, 0, 1
0, 0, 1, 2
1, 0, 0, 0
0, 1, 0, 1
0, 0, 1, 2
1, 0, 0, 0
0, 1, 0, 1
0, 0, 1, 2
1, 0, 0, 0
0, 1, 0, 1
0, 0, 1, 2
1, 0, 0, 0
0, 1, 0, 1
0, 0, 1, 2
1, 0, 0, 0
0, 1, 0, 1
0, 0, 1, 2
0.992406, 0.0558125, -0.109617, 0
-0.123008, 0.449108, -0.884969, 1
-0.000162301, 0.891732, 0.452563, 2
0.999914, 0.00193382, -0.0129372, 0
-0.0130785, 0.166559, -0.985945, 1
0.000248164, 0.98603, 0.16657, 2
0.999985, -0.00385074, -0.00388099, 0
-0.00450623, -0.178557, -0.983919, 1
0.00309584, 0.983922, -0.178572, 2
0.992611, 0.053177, 0.109069, 0
0.121341, -0.438975, -0.890268, 1
0.000537016, 0.896924, -0.442184, 2
0.917573, 0.262647, 0.298455, 0
0.397566, -0.606267, -0.688754, 1
4.43066e-05, 0.750638, -0.660714, 2
1, 0, 0, 0
0, 1, 0, 1
0, 0, 1, 2
0.999999, -0.00135009, 0.00043448, 0
-0.00134705, -0.999975, -0.006923, 1
0.000443816, 0.00692241, -0.999976, 2
1, 0, 0, 0
0, 1, 0, 1
0, 0, 1, 2
1, 0, 0, 0
0, 1, 0, 1
0, 0, 1, 2
1, 0, 0, 0
0, 1, 0, 1
0, 0, 1, 2
0.999996, 0.00154337, -0.00225995, 0
-0.00272895, 0.500391, -0.865795, 1
-0.000205381, 0.865798, 0.500393, 2
1, 2.72358e-05, -0.000418942, 0
-0.000417322, 0.173304, -0.984868, 1
4.57806e-05, 0.984868, 0.173304, 2
0.999983, 0.000669876, 0.00572732, 0
0.00575704, -0.172434, -0.985004, 1
0.000327752, 0.985021, -0.172435, 2
0.999636, 0.0133681, 0.0234161, 0
0.0269623, -0.48829, -0.872265, 1
-0.000226703, 0.872579, -0.488473, 2
0.991088, 0.097194, 0.0910921, 0
0.133208, -0.724515, -0.676264, 1
0.000268807, 0.682372, -0.731005, 2
1, 0, 0, 0
0, 1, 0, 1
0, 0, 1, 2
1, 0, 0, 0
0, 1, 0, 1
0, 0, 1, 2
1, 0, 0, 0
0, 1, 0, 1
0, 0, 1, 2
1, 0, 0, 0
0, 1, 0, 1
0, 0, 1, 2
1, 0, 0, 0
0, 1, 0, 1
0, 0, 1, 2
1, -6.18416e-06, -3.00229e-05, 0
-2.26438e-05, 0.511131, -0.859503, 1
2.06609e-05, 0.859503, 0.511131, 2
1, 0.000298979, 0.000139662, 0
8.57512e-05, 0.173253, -0.984877, 1
-0.000318655, 0.984877, 0.173253, 2
0.999999, -0.00020785, 0.00131423, 0
0.00125768, -0.17478, -0.984607, 1
0.000434352, 0.984607, -0.17478, 2
0.999998, 0.000869432, 0.00182702, 0
0.00201708, -0.499354, -0.866396, 1
0.000159058, 0.866398, -0.499355, 2
0.999988, 0.00357709, 0.00341734, 0
0.00493723, -0.765217, -0.643753, 1
0.000312252, 0.643762, -0.765226, 2
0.999849, -0.0163365, -0.00598543, 0
-0.017398, -0.936087, -0.351338, 1
0.000136772, 0.351389, -0.936229, 2
1, 3.90148e-05, 0.000429012, 0
4.06846e-05, -0.999992, -0.00389304, 1
0.000428857, 0.00389306, -0.999992, 2
1, 0, 0, 0
0, 1, 0, 1
0, 0, 1, 2
1, 0, 0, 0
0, 1, 0, 1
0, 0, 1, 2
1, 0, 0, 0
0, 1, 0, 1
0, 0, 1, 2
0.999987, -0.00269536, 0.00438849, 0
0.00514892, 0.504803, -0.863219, 1
0.000111369, 0.863231, 0.50481, 2
1, 8.70428e-05, 0.000241087, 0
0.000222447, 0.172584, -0.984995, 1
-0.000127344, 0.984995, 0.172584, 2
1, -0.000589134, -0.00068103, 0
-0.000772523, -0.172662, -0.984981, 1
0.000462698, 0.984981, -0.172662, 2
1, -0.00062463, -0.00016176, 0
-0.000453557, -0.502173, -0.864767, 1
0.000458928, 0.864767, -0.502173, 2
1, -0.000448145, -0.000597487, 0
-0.000727149, -0.766831, -0.641849, 1
-0.00017053, 0.641849, -0.766831, 2
0.99911, 0.0396514, 0.0143646, 0
0.0421723, -0.937178, -0.346293, 1
-0.000268789, 0.346591, -0.938016, 2
1, 0, 0, 0
0, 1, 0, 1
0, 0, 1, 2
1, 0, 0, 0
0, 1, 0, 1
0, 0, 1, 2
1, 0, 0, 0
0, 1, 0, 1
0, 0, 1, 2
1, 0, 0, 0
0, 1, 0, 1
0, 0, 1, 2
0.999908, -0.00649218, 0.0119133, 0
0.0135654, 0.493535, -0.86962, 1
-0.000233901, 0.869702, 0.493578, 2
0.999998, 8.63042e-05, 0.00216912, 0
0.00212187, 0.172165, -0.985066, 1
-0.000458462, 0.985068, 0.172164, 2
0.999998, -0.000101824, 0.0018603, 0
0.00181422, -0.173965, -0.98475, 1
0.000423898, 0.984752, -0.173965, 2
0.999844, -0.00885212, -0.0152865, 0
-0.0176636, -0.491733, -0.870567, 1
0.000189471, 0.870701, -0.491813, 2
0.991924, -0.0925873, -0.0866852, 0
-0.126833, -0.726664, -0.675183, 1
-0.000477641, 0.680725, -0.732539, 2
1, 0, 0, 0
0, 1, 0, 1
0, 0, 1, 2
1, -0.000870112, -0.000442371, 0
-0.000870067, -1, 0.000102197, 1
-0.000442459, -0.000101812, -1, 2
1, 0, 0, 0
0, 1, 0, 1
0, 0, 1, 2
1, 0, 0, 0
0, 1, 0, 1
0, 0, 1, 2
1, 0, 0, 0
0, 1, 0, 1
0, 0, 1, 2
0.992164, -0.0563965, 0.111492, 0
0.124944, 0.448158, -0.88518, 1
-4.503e-05, 0.892173, 0.451693, 2
0.999632, -0.0042023, 0.0267874, 0
0.0271144, 0.161549, -0.986492, 1
-0.000181941, 0.986856, 0.161603, 2
0.999944, 0.00191523, 0.0104167, 0
0.0105913, -0.178562, -0.983872, 1
-2.43105e-05, 0.983927, -0.178573, 2
0.997596, -0.0326592, -0.0611211, 0
-0.0692994, -0.470476, -0.879687, 1
-2.60776e-05, 0.881808, -0.471608, 2
0.921832, -0.259786, -0.28764, 0
-0.387589, -0.617824, -0.684155, 1
2.30908e-05, 0.742163, -0.67022, 2
1, 0, 0, 0
0, 1, 0, 1
0, 0, 1, 2
1, 0, 0, 0
0, 1, 0, 1
0, 0, 1, 2
1, 0, 0, 0
0, 1, 0, 1
0, 0, 1, 2
1, 0, 0, 0
0, 1, 0, 1
0, 0, 1, 2
1, 0, 0, 0
0, 1, 0, 1
0, 0, 1, 2
0.932478, -0.160888, 0.323418, 0
0.361226, 0.415955, -0.834564, 1
-0.000256388, 0.89504, 0.445986, 2
0.997397, -0.0112793, 0.0712204, 0
0.072108, 0.155652, -0.985177, 1
2.65082e-05, 0.987748, 0.15606, 2
0.999217, 0.00718404, 0.0389097, 0
0.0395664, -0.174821, -0.983805, 1
-0.000265473, 0.984574, -0.174968, 2
1, 0, 0, 0
0, 1, 0, 1
0, 0, 1, 2
1, 0, 0, 0
0, 1, 0, 1
0, 0, 1, 2
1, 0, 0, 0
0, 1, 0, 1
0, 0, 1, 2
1, 0, 0, 0
0, 1, 0, 1
0, 0, 1, 2
1, 0, 0, 0
0, 1, 0, 1
0, 0, 1, 2
1, 0, 0, 0
0, 1, 0, 1
0, 0, 1, 2
1, 0, 0, 0
0, 1, 0, 1
0, 0, 1, 2
1, 0, 0, 0
0, 1, 0, 1
0, 0, 1, 2
1, 0, 0, 0
0, 1, 0, 1
0, 0, 1, 2
1, 0, 0, 0
0, 1, 0, 1
0, 0, 1, 2
1, 0, 0, 0
0, 1, 0, 1
0, 0, 1, 2
1, 0, 0, 0
0, 1, 0, 1
0, 0, 1, 2
1, 0, 0, 0
0, 1, 0, 1
0, 0, 1, 2
1, 0, 0, 0
0, 1, 0, 1
0, 0, 1, 2
1, 0, 0, 0
0, 1, 0, 1
0, 0, 1, 2
1, 0, 0, 0
0, 1, 0, 1
0, 0, 1, 2
1, 0, 0, 0
0, 1, 0, 1
0, 0, 1, 2
1, 0, 0, 0
0, 1, 0, 1
0, 0, 1, 2
1, 0, 0, 0
0, 1, 0, 1
0, 0, 1, 2
1, 0, 0, 0
0, 1, 0, 1
0, 0, 1, 2
1, 0, 0, 0
0, 1, 0, 1
0, 0, 1, 2
1, 0, 0, 0
0, 1, 0, 1
0, 0, 1, 2
1, 0, 0, 0
0, 1, 0, 1
0, 0, 1, 2
1, 0, 0, 0
0, 1, 0, 1
0, 0, 1, 2
1, 0, 0, 0
0, 1, 0, 1
0, 0, 1, 2
1, 0, 0, 0
0, 1, 0, 1
0, 0, 1, 2
1, 0, 0, 0
0, 1, 0, 1
0, 0, 1, 2
0.885672, 0.182673, -0.426868, 0
-0.464312, 0.348426, -0.814257, 1
-1.09254e-05, 0.919364, 0.393408, 2
0.996484, 0.0124001, -0.082858, 0
-0.0837807, 0.148674, -0.985331, 1
0.00010061, 0.988809, 0.14919, 2
0.998902, -0.00837079, -0.0460875, 0
-0.0468415, -0.179596, -0.982625, 1
-5.17748e-05, 0.983705, -0.179791, 2
1, 0, 0, 0
0, 1, 0, 1
0, 0, 1, 2
1, 0, 0, 0
0, 1, 0, 1
0, 0, 1, 2
1, 0, 0, 0
0, 1, 0, 1
0, 0, 1, 2
1, 0, 0, 0
0, 1, 0, 1
0, 0, 1, 2
1, 0, 0, 0
0, 1, 0, 1
0, 0, 1, 2
1, 0, 0, 0
0, 1, 0, 1
0, 0, 1, 2
1, 0, 0, 0
0, 1, 0, 1
0, 0, 1, 2
0.993576, 0.0515929, -0.100724, 0
-0.113169, 0.451753, -0.884936, 1
-0.00015407, 0.89065, 0.454689, 2
0.999833, 0.0023244, -0.0181053, 0
-0.0182427, 0.161959, -0.986629, 1
0.000638988, 0.986795, 0.161974, 2
0.999986, -0.00122163, -0.00506763, 0
-0.005203, -0.174342, -0.984671, 1
0.000319407, 0.984684, -0.174346, 2
0.992837, 0.0505061, 0.108276, 0
0.119438, -0.442533, -0.888763, 1
0.00302791, 0.895329, -0.445395, 2
0.881722, 0.319585, 0.347033, 0
0.471769, -0.596962, -0.648899, 1
-0.000212223, 0.735868, -0.677125, 2
0.752764, 0.605456, 0.258398, 0
0.65829, -0.692166, -0.295905, 1
-0.000302808, 0.392848, -0.919604, 2
0.999999, 0.00145614, 0.000373439, 0
0.00146096, -0.999911, -0.0132523, 1
0.000354108, 0.0132529, -0.999912, 2
1, 0, 0, 0
0, 1, 0, 1
0, 0, 1, 2
1, 0, 0, 0
0, 1, 0, 1
0, 0, 1, 2
1, 0, 0, 0
0, 1, 0, 1
0, 0, 1, 2
0.99994, 0.00505922, -0.00969655, 0
-0.0109301, 0.493911, -0.869444, 1
0.000390519, 0.869498, 0.493936, 2
1, 0.000188887, -0.000767526, 0
-0.000788244, 0.166206, -0.986091, 1
-5.86924e-05, 0.986091, 0.166206, 2
1, -0.000259294, 0.00031387, 0
0.000263997, -0.173898, -0.984764, 1
0.000309924, 0.984764, -0.173898, 2
0.999249, 0.0189241, 0.0338127, 0
0.0387476, -0.483495, -0.874489, 1
-0.000200677, 0.875143, -0.483865, 2
0.992277, 0.0906222, 0.0847041, 0
0.124045, -0.725958, -0.67646, 1
0.000189317, 0.681743, -0.731592, 2
0.808235, 0.539518, 0.235959, 0
0.58886, -0.740726, -0.323372, 1
0.000315892, 0.400307, -0.916381, 2
0.999958, -0.00911706, -0.000172694, 0
-0.00911541, -0.999927, 0.00788777, 1
-0.000244595, -0.00788587, -0.999969, 2
1, 0, 0, 0
0, 1, 0, 1
0, 0, 1, 2
1, 0, 0, 0
0, 1, 0, 1
0, 0, 1, 2
1, 0, 0, 0
0, 1, 0, 1
0, 0, 1, 2
0.999998, -0.00105668, 0.00154535, 0
0.00186659, 0.499589, -0.86626, 1
0.000143322, 0.866262, 0.49959, 2
0.999999, 0.000640645, -0.00118851, 0
-0.00128307, 0.176836, -0.984239, 1
-0.000420376, 0.98424, 0.176837, 2
0.999999, 0.000304482, 0.00146429, 0
0.001495, -0.175532, -0.984473, 1
-4.27247e-05, 0.984474, -0.175532, 2
0.999999, 0.000893457, 0.00125682, 0
0.00153518, -0.500077, -0.86598, 1
-0.000145207, 0.86598, -0.500078, 2
0.999983, 0.00472272, 0.00342959, 0
0.00582115, -0.764236, -0.644911, 1
-0.00042472, 0.64492, -0.76425, 2
0.998162, 0.0567658, 0.0212148, 0
0.0606005, -0.93473, -0.350153, 1
-4.6601e-05, 0.350795, -0.936452, 2
1, 4.21194e-05, -0.000367485, 0
4.18871e-05, -1, -0.000631942, 1
-0.000367511, 0.000631927, -1, 2
1, 0, 0, 0
0, 1, 0, 1
0, 0, 1, 2
1, 0, 0, 0
0, 1, 0, 1
0, 0, 1, 2
1, 0, 0, 0
0, 1, 0, 1
0, 0, 1, 2
1, -0.0001432, -0.000601995, 0
-0.00044958, 0.500332, -0.865833, 1
0.000425185, 0.865833, 0.500332, 2
1, 0.000443644, 0.000138003, 0
5.90048e-05, 0.173357, -0.984859, 1
-0.000460851, 0.984859, 0.173357, 2
1, -0.000404782, 0.000220412, 0
0.000147214, -0.172657, -0.984982, 1
0.000436759, 0.984982, -0.172657, 2
0.999999, -0.000546985, -0.000973504, 0
-0.00111656, -0.50089, -0.86551, 1
-1.41983e-05, 0.86551, -0.500891, 2
0.999992, -0.00327104, -0.0021948, 0
-0.00391612, -0.765374, -0.643573, 1
0.000425312, 0.643577, -0.765381, 2
0.998128, -0.0574216, -0.0210302, 0
-0.0611505, -0.935235, -0.348705, 1
0.00035498, 0.349338, -0.936997, 2
1, 0.000247006, 0.000167005, 0
0.000246913, -1, 0.000557622, 1
0.000167143, -0.000557581, -1, 2
1, 0, 0, 0
0, 1, 0, 1
0, 0, 1, 2
1, 0, 0, 0
0, 1, 0, 1
0, 0, 1, 2
1, 0, 0, 0
0, 1, 0, 1
0, 0, 1, 2
0.999862, -0.00823597, 0.0144278, 0
0.0166129, 0.491964, -0.870457, 1
7.10777e-05, 0.870576, 0.492033, 2
1, -1.22164e-05, 0.000440225, 0
0.000435692, 0.173131, -0.984899, 1
-6.41847e-05, 0.984899, 0.173131, 2
0.999999, 0.000230284, 0.00132095, 0
0.00134087, -0.173738, -0.984791, 1
2.71748e-06, 0.984792, -0.173738, 2
0.999743, -0.0111866, -0.0197139, 0
-0.0226665, -0.48986, -0.871506, 1
9.21502e-05, 0.871729, -0.489988, 2
0.991512, -0.095004, -0.0887578, 0
-0.130014, -0.725776, -0.675534, 1
-0.000239788, 0.68134, -0.731967, 2
0.779175, -0.585404, -0.224028, 0
-0.626804, -0.728596, -0.276159, 1
-0.00156117, 0.355598, -0.934638, 2
0.999998, -0.0020153, -0.000408076, 0
-0.00201555, -0.999998, -0.000610589, 1
-0.000406845, 0.000611411, -1, 2
1, 0, 0, 0
0, 1, 0, 1
0, 0, 1, 2
1, 0, 0, 0
0, 1, 0, 1
0, 0, 1, 2
1, 0, 0, 0
0, 1, 0, 1
0, 0, 1, 2
0.991478, -0.0588384, 0.116233, 0
0.130277, 0.445869, -0.885567, 1
0.000280573, 0.893162, 0.449734, 2
0.999704, -0.00382798, 0.0240345, 0
0.0243371, 0.16247, -0.986413, 1
-0.000128905, 0.986706, 0.162515, 2
0.999952, 0.00196231, 0.00962606, 0
0.00982126, -0.176381, -0.984273, 1
-0.000233594, 0.98432, -0.176392, 2
0.994828, -0.046453, -0.0903242, 0
-0.101569, -0.458631, -0.882803, 1
-0.000416619, 0.887412, -0.460977, 2
0.946423, -0.219251, -0.237092, 0
-0.322929, -0.642021, -0.695361, 1
0.000240704, 0.734669, -0.678426, 2
0.599156, -0.758286, -0.256934, 0
-0.800633, -0.567399, -0.192472, 1
0.000164847, 0.32103, -0.947069, 2
1, 0, 0, 0
0, 1, 0, 1
0, 0, 1, 2
1, 0, 0, 0
0, 1, 0, 1
0, 0, 1, 2
1, 0, 0, 0
0, 1, 0, 1
0, 0, 1, 2
1, 0, 0, 0
0, 1, 0, 1
0, 0, 1, 2
0.982031, -0.0821537, 0.169899, 0
0.188719, 0.428149, -0.883783, 1
-0.000136071, 0.899966, 0.43596, 2
0.997477, -0.00947877, 0.0703597, 0
0.0709718, 0.158604, -0.984788, 1
-0.00182474, 0.987297, 0.158877, 2
0.999073, 0.00784452, 0.0423178, 0
0.0430385, -0.17843, -0.983011, 1
-0.00016048, 0.983921, -0.178602, 2
1, 0, 0, 0
0, 1, 0, 1
0, 0, 1, 2
1, 0, 0, 0
0, 1, 0, 1
0, 0, 1, 2
1, 0, 0, 0
0, 1, 0, 1
0, 0, 1, 2
1, 0, 0, 0
0, 1, 0, 1
0, 0, 1, 2
1, 0, 0, 0
0, 1, 0, 1
0, 0, 1, 2
1, 0, 0, 0
0, 1, 0, 1
0, 0, 1, 2
1, 0, 0, 0
0, 1, 0, 1
0, 0, 1, 2
1, 0, 0, 0
0, 1, 0, 1
0, 0, 1, 2
1, 0, 0, 0
0, 1, 0, 1
0, 0, 1, 2
1, 0, 0, 0
0, 1, 0, 1
0, 0, 1, 2
1, 0, 0, 0
0, 1, 0, 1
0, 0, 1, 2
1, 0, 0, 0
0, 1, 0, 1
0, 0, 1, 2
1, 0, 0, 0
0, 1, 0, 1
0, 0, 1, 2
1, 0, 0, 0
0, 1, 0, 1
0, 0, 1, 2
1, 0, 0, 0
0, 1, 0, 1
0, 0, 1, 2
1, 0, 0, 0
0, 1, 0, 1
0, 0, 1, 2
1, 0, 0, 0
0, 1, 0, 1
0, 0, 1, 2
1, 0, 0, 0
0, 1, 0, 1
0, 0, 1, 2
1, 0, 0, 0
0, 1, 0, 1
0, 0, 1, 2
1, 0, 0, 0
0, 1, 0, 1
0, 0, 1, 2
1, 0, 0, 0
0, 1, 0, 1
0, 0, 1, 2
1, 0, 0, 0
0, 1, 0, 1
0, 0, 1, 2
1, 0, 0, 0
0, 1, 0, 1
0, 0, 1, 2
1, 0, 0, 0
0, 1, 0, 1
0, 0, 1, 2
1, 0, 0, 0
0, 1, 0, 1
0, 0, 1, 2
1, 0, 0, 0
0, 1, 0, 1
0, 0, 1, 2
1, 0, 0, 0
0, 1, 0, 1
0, 0, 1, 2
1, 0, 0, 0
0, 1, 0, 1
0, 0, 1, 2
0.995932, 0.0134001, -0.0891108, 0
-0.0901125, 0.145945, -0.98518, 1
-0.000196265, 0.989202, 0.146559, 2
0.835658, -0.103003, -0.539506, 0
-0.549242, -0.151281, -0.821856, 1
0.00303675, 0.98311, -0.182993, 2
1, 0, 0, 0
0, 1, 0, 1
0, 0, 1, 2
1, 0, 0, 0
0, 1, 0, 1
0, 0, 1, 2
1, 0, 0, 0
0, 1, 0, 1
0, 0, 1, 2
1, 0, 0, 0
0, 1, 0, 1
0, 0, 1, 2
1, 0, 0, 0
0, 1, 0, 1
0, 0, 1, 2
1, 0, 0, 0
0, 1, 0, 1
0, 0, 1, 2
1, 0, 0, 0
0, 1, 0, 1
0, 0, 1, 2
0.995807, 0.042082, -0.0812282, 0
-0.0914817, 0.459056, -0.883685, 1
0.000101087, 0.88741, 0.460981, 2
0.999716, 0.00310842, -0.0236468, 0
-0.0238417, 0.156653, -0.987366, 1
0.0006352, 0.987649, 0.156683, 2
0.999944, -0.00240233, -0.01032, 0
-0.0105821, -0.176785, -0.984193, 1
0.000539942, 0.984247, -0.1768, 2
0.994361, 0.0481707, 0.0944733, 0
0.106044, -0.455535, -0.883879, 1
0.000458717, 0.888914, -0.458074, 2
0.660378, 0.494207, 0.565385, 0
0.750933, -0.434752, -0.497081, 1
0.000141704, 0.752828, -0.658217, 2
1, 0, 0, 0
0, 1, 0, 1
0, 0, 1, 2
0.999998, 0.00202826, -0.000448937, 0
0.00202875, -0.999997, 0.00109144, 1
-0.000446722, -0.00109235, -0.999999, 2
1, 0, 0, 0
0, 1, 0, 1
0, 0, 1, 2
1, 0, 0, 0
0, 1, 0, 1
0, 0, 1, 2
1, 0, 0, 0
0, 1, 0, 1
0, 0, 1, 2
0.999969, 0.00377112, -0.00697758, 0
-0.00792897, 0.497323, -0.867529, 1
0.000198553, 0.867558, 0.497337, 2
1, -4.98654e-05, -0.000820347, 0
-0.000799483, 0.172321, -0.985041, 1
0.000190482, 0.985041, 0.172321, 2
0.999998, -0.000786649, -0.00192601, 0
-0.00203416, -0.175466, -0.984483, 1
0.000436493, 0.984485, -0.175467, 2
0.999641, 0.0132475, 0.0232795, 0
0.0267842, -0.48835, -0.872237, 1
-0.000186407, 0.872547, -0.488529, 2
0.992058, 0.0919937, 0.0857807, 0
0.125782, -0.726599, -0.675451, 1
0.000190979, 0.680876, -0.732399, 2
1, 0, 0, 0
0, 1, 0, 1
0, 0, 1, 2
0.999958, -0.00912261, -0.000152871, 0
-0.00912135, -0.999935, 0.00686358, 1
-0.000215474, -0.0068619, -0.999976, 2
1, 0, 0, 0
0, 1, 0, 1
0, 0, 1, 2
1, 0, 0, 0
0, 1, 0, 1
0, 0, 1, 2
1, 0, 0, 0
0, 1, 0, 1
0, 0, 1, 2
1, 0.000213366, 0.000448287, 0
0.000281633, 0.499814, -0.866133, 1
-0.000408863, 0.866133, 0.499813, 2
0.999999, 0.000689145, -0.00141841, 0
-0.00152132, 0.184768, -0.982781, 1
-0.000415203, 0.982782, 0.184769, 2
1, 0.000268656, -0.000450184, 0
-0.000397003, -0.172757, -0.984964, 1
-0.000342389, 0.984965, -0.172756, 2
0.999939, 0.00533251, 0.00971946, 0
0.0110846, -0.495869, -0.868327, 1
0.000189218, 0.868381, -0.495897, 2
0.999997, 0.00166931, 0.00192865, 0
0.0025194, -0.764565, -0.644542, 1
0.000398635, 0.644544, -0.764567, 2
0.996352, 0.0796839, 0.0305508, 0
0.0853364, -0.933475, -0.348342, 1
0.000761142, 0.349678, -0.93687, 2
1, 0.000346518, -0.000334932, 0
0.000346203, -0.999999, -0.000940045, 1
-0.000335258, 0.000939929, -1, 2
1, 0, 0, 0
0, 1, 0, 1
0, 0, 1, 2
1, 0, 0, 0
0, 1, 0, 1
0, 0, 1, 2
1, 0, 0, 0
0, 1, 0, 1
0, 0, 1, 2
1, -0.000383755, -0.000179174, 0
3.68981e-05, 0.50039, -0.8658, 1
0.000421912, 0.8658, 0.50039, 2
0.999999, -0.000262133, 0.00134063, 0
0.00136583, 0.175598, -0.984461, 1
2.26474e-05, 0.984462, 0.175598, 2
1, -0.000472806, 1.325e-05, 0
-6.84001e-05, -0.172274, -0.985049, 1
0.000468019, 0.985049, -0.172274, 2
1, -0.000458051, 0.000141832, 0
-0.000105639, -0.498968, -0.86662, 1
0.000467726, 0.86662, -0.498968, 2
0.99998, -0.00467332, -0.00415086, 0
-0.0062493, -0.760844, -0.648905, 1
-0.000125617, 0.648918, -0.760858, 2
0.997966, -0.0598818, -0.0218852, 0
-0.0637556, -0.937813, -0.341235, 1
